0,0,0
-1.5675,1.74552,0.182644
-1.73298,1.91342,0.237363
-1.77775,1.92131,0.239549
-1.78098,1.92162,0.23555
-1.78182,1.94128,0.232745
-1.77947,1.93362,0.229607
-1.78298,1.93718,0.231926
-1.79113,1.94356,0.228404
-1.80421,1.93845,0.222014
-1.80662,1.94748,0.231282
-1.8078,1.95075,0.236583
-1.79284,1.96298,0.234044
-1.7905,1.96808,0.23599
-1.79272,1.95898,0.229904
-1.8063,1.96758,0.233566
-1.80434,1.96365,0.231999
-1.79377,1.96168,0.230915
-1.79787,1.96365,0.231015
-1.81201,1.96282,0.229824
-1.80772,1.96349,0.230546
-1.80786,1.96201,0.23071
-1.80937,1.95994,0.231064
-1.80763,1.96434,0.228394
-1.81432,1.96569,0.227555
-1.81275,1.96247,0.222185
-1.81506,1.96509,0.220755
-1.8219,1.9679,0.224326
-1.81983,1.96541,0.222545
-1.81901,1.96471,0.219135
-1.81899,1.96849,0.219468
-1.81888,1.96334,0.219021
-1.82424,1.96381,0.217007
-1.82541,1.96698,0.216186
-1.82434,1.96741,0.216108
-1.8262,1.96743,0.217766
-1.82601,1.96867,0.216986
-1.82443,1.97117,0.21775
-1.8265,1.97312,0.21645
-1.8241,1.96324,0.214533
-1.83043,1.96617,0.215309
-1.85033,1.98246,0.217743
-1.83377,1.96877,0.214321
-1.83909,1.97397,0.213273
-1.83645,1.97212,0.215364
-1.83782,1.97107,0.214662
-1.83613,1.96871,0.213637
-1.83823,1.96805,0.212379
-1.8421,1.96715,0.211385
-1.83818,1.96411,0.211881
-1.83769,1.96531,0.210397
-1.83966,1.96662,0.209387
-1.83736,1.96809,0.210006
-1.83911,1.96846,0.21008
-1.84025,1.96726,0.210691
-1.8386,1.96617,0.210699
-1.8412,1.96726,0.212901
-1.84281,1.96629,0.213357
-1.83953,1.96555,0.212102
-1.84276,1.96675,0.212178
-1.84575,1.96655,0.212865
-1.84339,1.96462,0.212949
-1.84533,1.96616,0.21218
-1.84426,1.96457,0.212569
-1.84263,1.96123,0.211466
-1.84187,1.96182,0.211305
-1.84295,1.96268,0.211826
-1.84149,1.96178,0.212723
-1.84183,1.96301,0.213509
-1.8414,1.96276,0.212579
-1.84165,1.96198,0.2118
-1.84093,1.96245,0.212659
-1.84117,1.96344,0.211812
-1.843,1.96238,0.211557
-1.84197,1.96365,0.211831
-1.84222,1.96453,0.211082
-1.84252,1.96411,0.211556
-1.84187,1.96277,0.209826
-1.84295,1.96313,0.209379
-1.843,1.96274,0.210886
-1.84259,1.96443,0.210279
-1.84215,1.96313,0.209421
-1.84154,1.9611,0.209558
-1.84147,1.96205,0.20931
-1.84165,1.96129,0.208856
-1.8426,1.96114,0.208961
-1.84202,1.95985,0.208564
-1.84237,1.95921,0.209466
-1.84096,1.96117,0.210636
-1.83961,1.96163,0.211461
-1.83965,1.9626,0.212181
-1.83936,1.96239,0.213605
-1.84074,1.96244,0.212629
-1.84064,1.962,0.212668
-1.83972,1.96216,0.21182
-1.83974,1.9632,0.211947
-1.83928,1.96239,0.212139
-1.83859,1.96244,0.213072
-1.83828,1.96417,0.212811
-1.83913,1.96436,0.213089
-1.83937,1.96386,0.213869
-1.84009,1.96382,0.212477
-1.83945,1.96345,0.212261
-1.84055,1.96512,0.211036
-1.83952,1.96506,0.211118
-1.8399,1.9642,0.210599
-1.84018,1.96393,0.2088
-1.83913,1.96277,0.20854
-1.83896,1.96288,0.207431
-1.8381,1.96214,0.206722
-1.83848,1.96454,0.206049
-1.83825,1.96428,0.205174
-1.83872,1.96509,0.205874
-1.83863,1.96538,0.206188
-1.83792,1.96526,0.207305
-1.8382,1.96495,0.207823
-1.83981,1.96471,0.207893
-1.83925,1.96377,0.20744
-1.83909,1.96362,0.207178
-1.83858,1.9628,0.207004
-1.83819,1.96278,0.207295
-1.83774,1.96333,0.20728
-1.83788,1.96436,0.206609
-1.83792,1.96459,0.206692
-1.83838,1.96464,0.207193
-1.83803,1.96572,0.207238
-1.83846,1.9666,0.208518
-1.83917,1.96609,0.208192
-1.83911,1.96618,0.207545
-1.83952,1.96697,0.207108
-1.83816,1.96667,0.207388
-1.83758,1.96598,0.206669
-1.83856,1.96557,0.207158
-1.83815,1.96451,0.206577
-1.83879,1.96595,0.206018
-1.83867,1.96517,0.205178
-1.83763,1.96515,0.205765
-1.83825,1.9648,0.206502
-1.83782,1.9642,0.207387
-1.83775,1.96629,0.208002
-1.83769,1.96693,0.208258
-1.83731,1.96683,0.208946
-1.83738,1.96523,0.208742
-1.83853,1.96532,0.208343
-1.83887,1.96561,0.208019
-1.8389,1.96688,0.208449
-1.84045,1.96741,0.209042
-1.83958,1.96767,0.209726
-1.8396,1.96861,0.209432
-1.84054,1.96987,0.208469
-1.83952,1.96943,0.209253
-1.83974,1.96936,0.208505
-1.83947,1.96993,0.208562
-1.83955,1.96875,0.207977
-1.84035,1.96785,0.208455
-1.84033,1.96838,0.208401
-1.83996,1.96882,0.208458
-1.84041,1.9681,0.208541
-1.84029,1.9674,0.207852
-1.83859,1.96846,0.207612
-1.83972,1.96895,0.206963
-1.83864,1.967,0.207336
-1.83852,1.96699,0.207117
-1.83912,1.96832,0.206558
-1.83802,1.96753,0.206552
-1.83756,1.96741,0.208201
-1.83836,1.9675,0.208695
-1.83905,1.96833,0.209182
-1.83926,1.96817,0.209419
-1.83889,1.96782,0.209261
-1.83772,1.96769,0.208712
-1.83906,1.96816,0.208548
-1.83889,1.96918,0.209047
-1.83856,1.96839,0.208961
-1.83902,1.96865,0.209683
-1.83816,1.96755,0.210612
-1.83857,1.96716,0.210704
-1.83908,1.96811,0.211352
-1.83923,1.96733,0.211617
-1.83885,1.96791,0.212441
-1.83857,1.96857,0.212975
-1.83828,1.96913,0.212367
-1.83844,1.96891,0.21246
-1.83883,1.96833,0.212413
-1.8385,1.96814,0.212931
-1.83824,1.9674,0.213098
-1.83854,1.96688,0.213024
-1.83896,1.96687,0.21295
-1.8375,1.9662,0.211976
-1.83746,1.96747,0.211781
-1.83759,1.96688,0.211205
-1.83625,1.967,0.211627
-1.83612,1.96678,0.211436
-1.83715,1.96788,0.21204
-1.83744,1.96798,0.211344
-1.83711,1.96849,0.210972
-1.83734,1.96891,0.210736
-1.83648,1.96966,0.210951
-1.83645,1.97054,0.210268
-1.83681,1.97057,0.210356
-1.83646,1.97005,0.209785
-1.83684,1.96966,0.209884
-1.8372,1.96985,0.210421
-1.8379,1.97007,0.210768
-1.83793,1.96927,0.210666
-1.83786,1.96962,0.210442
-1.83761,1.96971,0.212461
-1.83736,1.96988,0.212134
-1.83698,1.96955,0.212932
-1.83595,1.97042,0.212652
-1.83718,1.97014,0.212349
-1.83602,1.96877,0.212232
-1.83548,1.96904,0.212364
-1.83635,1.96999,0.212012
-1.83572,1.96896,0.212367
-1.83526,1.97,0.211677
-1.83504,1.96967,0.210898
-1.83508,1.9689,0.211887
-1.83522,1.9689,0.211957
-1.83593,1.96905,0.211974
-1.83679,1.96964,0.212691
-1.83606,1.96828,0.214152
-1.83585,1.96877,0.213939
-1.83627,1.96974,0.214208
-1.83793,1.96913,0.214746
-1.83723,1.96821,0.215226
-1.83781,1.9686,0.215462
-1.8371,1.96876,0.215029
-1.83753,1.9695,0.214679
-1.83811,1.96941,0.214204
-1.83811,1.96997,0.21443
-1.83752,1.96956,0.213906
-1.83847,1.96867,0.213877
-1.83731,1.96799,0.213855
-1.83727,1.96862,0.214007
-1.83649,1.96766,0.214184
-1.83599,1.96839,0.214281
-1.836,1.96879,0.213425
-1.83592,1.96876,0.213272
-1.83564,1.96933,0.213533
-1.83598,1.96898,0.213225
-1.83582,1.96851,0.213307
-1.83495,1.9689,0.214929
-1.83586,1.969,0.214993
-1.83596,1.96947,0.214613
-1.83537,1.97,0.214372
-1.8352,1.97119,0.214467
-1.83539,1.97162,0.214228
-1.83602,1.97205,0.214549
-1.83677,1.97253,0.214283
-1.83632,1.97382,0.214456
-1.83637,1.97334,0.215024
-1.83703,1.97332,0.213959
-1.83679,1.97291,0.213392
-1.83755,1.97286,0.213394
-1.83741,1.97363,0.212974
-1.83819,1.97329,0.212801
-1.83682,1.97199,0.212707
-1.83747,1.97344,0.211411
-1.83833,1.97323,0.210934
-1.83775,1.97236,0.210347
-1.83747,1.97317,0.209945
-1.83795,1.97302,0.209771
-1.83706,1.97364,0.209068
-1.83667,1.97466,0.209114
-1.83628,1.97388,0.208699
-1.8358,1.97335,0.208921
-1.83532,1.97412,0.208253
-1.83587,1.97455,0.207388
-1.83463,1.97429,0.20768
-1.83559,1.97492,0.207714
-1.83514,1.97521,0.207799
-1.83464,1.97489,0.207577
-1.83533,1.97473,0.207542
-1.83539,1.97423,0.208317
-1.83417,1.97456,0.20684
-1.83559,1.97559,0.206806
-1.83547,1.97506,0.207065
-1.83456,1.97566,0.207539
-1.83537,1.9764,0.206912
-1.83504,1.97611,0.206367
-1.83413,1.97618,0.205522
-1.83532,1.97623,0.205552
-1.83477,1.9747,0.205837
-1.83435,1.97454,0.205437
-1.83472,1.97479,0.205927
-1.83451,1.97391,0.205928
-1.83413,1.97473,0.206196
-1.8339,1.97561,0.205837
-1.83343,1.97472,0.205661
-1.83295,1.97509,0.205282
-1.83349,1.97432,0.20569
-1.83232,1.97355,0.20526
-1.83225,1.97337,0.205879
-1.83196,1.97232,0.205091
-1.83188,1.97213,0.204814
-1.83329,1.97324,0.205614
-1.83289,1.97294,0.205287
-1.8334,1.97236,0.205313
-1.8342,1.97255,0.205981
-1.83343,1.97228,0.206134
-1.83285,1.97237,0.205751
-1.83367,1.97297,0.205118
-1.83316,1.97203,0.204542
-1.83416,1.97319,0.205167
-1.83424,1.97274,0.205671
-1.8339,1.97224,0.206208
-1.83403,1.97179,0.206358
-1.83311,1.97224,0.207168
-1.83286,1.97215,0.207975
-1.83391,1.97145,0.208387
-1.83337,1.97038,0.207728
-1.83419,1.96982,0.20794
-1.83446,1.97053,0.207882
-1.83359,1.96985,0.207355
-1.83323,1.97019,0.206605
-1.83355,1.97002,0.206637
-1.83261,1.97023,0.206478
-1.83247,1.97027,0.206423
-1.8333,1.97073,0.206165
-1.83392,1.97137,0.205477
-1.83402,1.9704,0.204924
-1.83363,1.97049,0.205417
-1.83359,1.9698,0.20567
-1.83285,1.97039,0.205902
-1.83195,1.96992,0.205954
-1.83151,1.96977,0.205903
-1.83146,1.96961,0.205276
-1.83166,1.96904,0.205029
-1.83115,1.96979,0.205064
-1.83161,1.97054,0.204541
-1.8312,1.9709,0.204689
-1.83163,1.97082,0.205234
-1.83211,1.9711,0.205242
-1.83151,1.97098,0.205078
-1.83165,1.97095,0.204859
-1.83109,1.97078,0.204363
-1.83155,1.9704,0.203999
-1.8319,1.97049,0.204418
-1.83177,1.96915,0.203851
-1.83201,1.96902,0.203238
-1.83206,1.96935,0.203341
-1.83104,1.96848,0.20314
-1.83119,1.96919,0.202027
-1.83114,1.96941,0.201509
-1.83129,1.96942,0.201211
-1.83139,1.9686,0.201741
-1.83141,1.9673,0.201453
-1.83173,1.96777,0.201289
-1.83175,1.9677,0.201007
-1.83088,1.96695,0.201183
-1.83134,1.96726,0.20075
-1.83179,1.96716,0.20065
-1.83092,1.96603,0.200652
-1.83234,1.9677,0.200401
-1.83258,1.9672,0.200609
-1.83158,1.96733,0.200606
-1.83124,1.96856,0.200812
-1.83221,1.9682,0.201091
-1.83132,1.96735,0.200551
-1.8318,1.96761,0.20058
-1.83184,1.96754,0.201191
-1.83186,1.96826,0.200884
-1.83259,1.96857,0.200384
-1.83263,1.96826,0.199477
-1.83276,1.96915,0.198579
-1.83322,1.96971,0.198957
-1.83214,1.96957,0.199433
-1.83121,1.96786,0.199093
-1.83192,1.96885,0.199871
-1.83153,1.96856,0.200008
-1.83138,1.9677,0.198446
-1.83206,1.96816,0.199129
-1.83184,1.96827,0.199248
-1.8318,1.96777,0.199638
-1.83326,1.96836,0.199727
-1.8325,1.96955,0.199663
-1.83217,1.96987,0.199859
-1.8319,1.96993,0.199793
-1.8324,1.96994,0.200311
-1.83322,1.97043,0.200545
-1.83295,1.9702,0.199725
-1.83273,1.97054,0.199231
-1.83289,1.97115,0.200058
-1.83284,1.97061,0.199186
-1.83269,1.96995,0.199304
-1.83409,1.96983,0.199523
-1.83404,1.97012,0.198625
-1.83397,1.96969,0.198338
-1.83336,1.97,0.198946
-1.83318,1.96974,0.198047
-1.83423,1.96904,0.198544
-1.8345,1.96966,0.198466
-1.83449,1.96909,0.198871
-1.83448,1.96871,0.198258
-1.83376,1.96855,0.197613
-1.83389,1.96827,0.197671
-1.83368,1.96921,0.197425
-1.83394,1.96971,0.196345
-1.83442,1.96932,0.195834
-1.8354,1.96953,0.1971
-1.83563,1.9694,0.197138
-1.83527,1.96838,0.197511
-1.83479,1.96856,0.197139
-1.83483,1.96939,0.198139
-1.83398,1.96875,0.198749
-1.83339,1.96912,0.198365
-1.83374,1.96972,0.199024
-1.83377,1.9689,0.199093
-1.83318,1.96897,0.198301
-1.83377,1.96879,0.198947
-1.83323,1.96874,0.199043
-1.83304,1.96843,0.19934
-1.8329,1.96819,0.20026
-1.83339,1.96821,0.200064
-1.83271,1.96819,0.200174
-1.83348,1.96849,0.200688
-1.83336,1.96809,0.200437
-1.83283,1.96848,0.200112
-1.83324,1.96863,0.199563
-1.83379,1.96827,0.199722
-1.83399,1.96763,0.199329
-1.83363,1.96762,0.199775
-1.83399,1.96732,0.199862
-1.83361,1.96699,0.201062
-1.83435,1.96753,0.200934
-1.83351,1.96726,0.200681
-1.83323,1.96659,0.199696
-1.83368,1.96695,0.198733
-1.83307,1.96679,0.198628
-1.83265,1.96696,0.197866
-1.83314,1.96663,0.198099
-1.83204,1.96718,0.196988
-1.83139,1.96681,0.19566
-1.83121,1.96688,0.196067
-1.83102,1.96651,0.195995
-1.83102,1.96757,0.195487
-1.83003,1.96785,0.196882
-1.83022,1.96742,0.196707
-1.83002,1.96733,0.196901
-1.83021,1.96797,0.196713
-1.8312,1.96811,0.196603
-1.83071,1.96739,0.196582
-1.83122,1.96633,0.197536
-1.83066,1.96691,0.197621
-1.83053,1.96685,0.197419
-1.82899,1.96714,0.198137
-1.82977,1.96683,0.197709
-1.82918,1.96674,0.197564
-1.82967,1.96666,0.197401
-1.82989,1.9664,0.197563
-1.82987,1.9665,0.198558
-1.83067,1.9675,0.199188
-1.83077,1.96751,0.199351
-1.83011,1.96744,0.19924
-1.83012,1.96778,0.199763
-1.83106,1.96722,0.200869
-1.83025,1.9666,0.201224
-1.82991,1.96611,0.20122
-1.83075,1.96603,0.201344
-1.83026,1.96638,0.201561
-1.83055,1.96665,0.201327
-1.83119,1.96571,0.201601
-1.83147,1.96583,0.202081
-1.83174,1.96676,0.201791
-1.83275,1.96853,0.202035
-1.83273,1.96716,0.202303
-1.83237,1.96804,0.202093
-1.83249,1.96815,0.20203
-1.83187,1.96813,0.201336
-1.8316,1.96841,0.200218
-1.83262,1.96852,0.200029
-1.83367,1.969,0.199961
-1.83304,1.96803,0.199136
-1.83359,1.96824,0.199678
-1.83427,1.96744,0.200728
-1.83447,1.96765,0.201034
-1.8356,1.96788,0.20121
-1.8346,1.96766,0.201086
-1.83383,1.96754,0.200224
-1.83472,1.96788,0.200104
-1.83447,1.96771,0.200922
-1.83391,1.96843,0.200669
-1.83395,1.96845,0.200393
-1.83425,1.9685,0.200449
-1.83487,1.96951,0.200883
-1.83475,1.96932,0.201213
-1.83401,1.97055,0.200628
-1.83385,1.97055,0.199871
-1.83337,1.96968,0.199553
-1.83322,1.97015,0.200249
-1.83348,1.97086,0.200433
-1.83396,1.97108,0.200564
-1.83416,1.97053,0.199682
-1.8356,1.97091,0.199669
-1.8349,1.97073,0.199656
-1.8353,1.97132,0.199852
-1.83581,1.97164,0.200039
-1.83559,1.97128,0.200428
-1.83529,1.97123,0.201375
-1.83685,1.97168,0.200839
-1.83656,1.97094,0.199726
-1.83699,1.97041,0.201054
-1.83624,1.96954,0.201312
-1.83599,1.97018,0.200371
-1.8365,1.96961,0.200858
-1.83617,1.96982,0.200681
-1.83638,1.97027,0.199937
-1.8364,1.97047,0.20068
-1.83754,1.97015,0.199923
-1.83734,1.9704,0.199851
-1.83763,1.96906,0.199127
-1.83762,1.97007,0.199828
-1.83765,1.97028,0.200345
-1.83799,1.96975,0.200193
-1.83832,1.96961,0.200276
-1.83812,1.96833,0.199928
-1.83834,1.96769,0.199229
-1.8386,1.96759,0.199322
-1.83706,1.96591,0.199881
-1.83563,1.96533,0.20017
-1.83614,1.96534,0.200228
-1.83614,1.96575,0.200209
-1.83626,1.966,0.20052
-1.83571,1.96575,0.201055
-1.83572,1.96657,0.201351
-1.83549,1.96553,0.201018
-1.83585,1.96533,0.201067
-1.83607,1.96437,0.200718
-1.83605,1.96476,0.200542
-1.8361,1.9651,0.200926
-1.83617,1.96412,0.200141
-1.83523,1.96409,0.200218
-1.83618,1.96423,0.200503
-1.83522,1.9641,0.200052
-1.83506,1.96458,0.199826
-1.8355,1.96479,0.200267
-1.8368,1.96599,0.2004
-1.83755,1.96559,0.200633
-1.83749,1.96579,0.200345
-1.83654,1.96498,0.200376
-1.83711,1.96428,0.199774
-1.83733,1.96442,0.200924
-1.83651,1.9645,0.201866
-1.83813,1.96481,0.202186
-1.8376,1.96429,0.20235
-1.83735,1.96391,0.202861
-1.83759,1.96429,0.202689
-1.83719,1.96357,0.201963
-1.83635,1.96331,0.202914
-1.83514,1.96357,0.202376
-1.83482,1.96344,0.201526
-1.83498,1.96334,0.200811
-1.83515,1.96366,0.20054
-1.83511,1.96482,0.202163
-1.83502,1.96506,0.20248
-1.83475,1.96592,0.203147
-1.83496,1.96673,0.203043
-1.83437,1.96664,0.202819
-1.83434,1.96636,0.202345
-1.83546,1.96622,0.202647
-1.83618,1.96645,0.202958
-1.83516,1.96619,0.203545
-1.835,1.96793,0.203519
-1.83507,1.96778,0.203923
-1.83541,1.96868,0.205108
-1.83499,1.96801,0.2058
-1.83634,1.96655,0.204967
-1.83568,1.96649,0.20454
-1.83495,1.96697,0.204175
-1.83463,1.96779,0.204522
-1.83538,1.96812,0.20541
-1.8347,1.96832,0.206124
-1.83477,1.96845,0.206047
-1.83513,1.96827,0.206047
-1.83426,1.96814,0.206293
-1.83423,1.96698,0.206492
-1.83374,1.96717,0.204589
-1.83316,1.96756,0.204471
-1.83375,1.96901,0.205473
-1.83342,1.96794,0.205225
-1.83408,1.96823,0.20584
-1.83397,1.96872,0.205367
-1.83483,1.96874,0.204918
-1.83363,1.96839,0.204296
-1.83451,1.96892,0.204844
-1.83533,1.96889,0.205292
-1.83481,1.96805,0.204363
-1.83404,1.96821,0.204607
-1.83518,1.96753,0.204108
-1.8355,1.96807,0.204329
-1.83492,1.96777,0.204093
-1.83423,1.9679,0.204921
-1.83417,1.96819,0.204894
-1.83478,1.96908,0.205436
-1.83489,1.96988,0.20572
-1.83529,1.96939,0.205192
-1.83439,1.96867,0.206035
-1.8343,1.96756,0.206566
-1.83468,1.96865,0.206079
-1.83424,1.96804,0.20642
-1.83461,1.96832,0.206416
-1.83412,1.96719,0.206386
-1.83417,1.96707,0.206458
-1.83408,1.96705,0.206207
-1.83377,1.96731,0.206508
-1.83387,1.9672,0.20663
-1.83493,1.96706,0.20632
-1.83476,1.96679,0.206595
-1.83439,1.96688,0.206058
-1.83527,1.96685,0.206436
-1.83498,1.96603,0.20628
-1.83424,1.96496,0.206454
-1.83484,1.96573,0.205969
-1.83495,1.96581,0.205077
-1.83418,1.96478,0.204783
-1.8344,1.96552,0.205377
-1.83371,1.96477,0.205788
-1.83256,1.96442,0.206188
-1.83361,1.96461,0.206414
-1.83338,1.96564,0.205929
-1.83338,1.96597,0.206917
-1.83315,1.96578,0.206642
-1.83364,1.96606,0.206205
-1.83369,1.96603,0.207165
-1.83292,1.96619,0.20666
-1.83328,1.96566,0.206729
-1.83367,1.96581,0.206671
-1.83447,1.96629,0.206664
-1.83416,1.96698,0.207417
-1.83377,1.96628,0.207074
-1.83311,1.96552,0.207392
-1.83379,1.96492,0.206847
-1.83422,1.96463,0.207395
-1.83303,1.96487,0.207482
-1.83323,1.9652,0.207771
-1.83339,1.96593,0.20663
-1.83318,1.96706,0.206016
-1.83265,1.96717,0.20513
-1.83216,1.96736,0.205215
-1.83203,1.96781,0.204748
-1.83144,1.96696,0.20514
-1.83192,1.96735,0.205604
-1.83168,1.96726,0.206462
-1.83198,1.9676,0.206584
-1.83139,1.96761,0.207438
-1.83176,1.9684,0.20712
-1.83178,1.96911,0.206559
-1.83144,1.96794,0.206528
-1.83204,1.96774,0.206725
-1.83215,1.9674,0.207382
-1.83259,1.96802,0.207216
-1.83268,1.96787,0.207356
-1.83302,1.96793,0.207519
-1.83355,1.96742,0.208055
-1.83289,1.96657,0.207705
-1.83163,1.96686,0.207865
-1.83208,1.96739,0.208176
-1.83247,1.96643,0.208268
-1.83167,1.96594,0.208169
-1.8326,1.96705,0.208223
-1.83274,1.96684,0.207689
-1.83252,1.9665,0.207469
-1.83346,1.96654,0.207101
-1.8321,1.96666,0.207343
-1.83215,1.96748,0.207557
-1.83252,1.96893,0.208073
-1.83323,1.96887,0.208685
-1.83264,1.96923,0.207899
-1.83336,1.96899,0.208487
-1.83281,1.96926,0.208943
-1.83332,1.96905,0.209141
-1.83307,1.96891,0.209471
-1.83254,1.96969,0.210069
-1.83357,1.97019,0.208839
-1.83261,1.96997,0.208633
-1.8328,1.96932,0.208987
-1.83283,1.97086,0.209083
-1.83314,1.97063,0.209508
-1.83244,1.97046,0.208638
-1.83227,1.97023,0.208106
-1.83272,1.97151,0.207553
-1.83331,1.97193,0.208044
-1.8334,1.97159,0.207682
-1.83353,1.97181,0.20769
-1.83285,1.97147,0.207851
-1.83311,1.97188,0.207358
-1.83226,1.97266,0.2078
-1.8324,1.97241,0.207883
-1.83236,1.97336,0.208396
-1.83272,1.97306,0.207859
-1.83271,1.97322,0.207664
-1.83234,1.97314,0.207698
-1.83349,1.97246,0.207782
-1.83375,1.97237,0.207688
-1.83504,1.97397,0.207443
-1.83611,1.9744,0.207201
-1.836,1.97462,0.206354
-1.83669,1.97514,0.206022
-1.83658,1.97525,0.205642
-1.83567,1.97569,0.204583
-1.83517,1.97586,0.204654
-1.83624,1.97594,0.20454
-1.83631,1.9748,0.205415
-1.83615,1.97461,0.205041
-1.83508,1.97571,0.204772
-1.83449,1.97581,0.204987
-1.83433,1.97581,0.203985
-1.83414,1.97506,0.203986
-1.83409,1.97517,0.204942
-1.83628,1.97475,0.204902
-1.83593,1.97447,0.205254
-1.83588,1.97467,0.205996
-1.83611,1.97433,0.206552
-1.83548,1.97432,0.206749
-1.83553,1.97462,0.206837
-1.83467,1.97476,0.206651
-1.8338,1.97502,0.206366
-1.83421,1.97544,0.207172
-1.83391,1.97495,0.207104
-1.83223,1.97433,0.207295
-1.83336,1.97566,0.207459
-1.83326,1.97624,0.20752
-1.83319,1.97613,0.207328
-1.83398,1.97631,0.207416
-1.83279,1.97598,0.206693
-1.83224,1.97527,0.206459
-1.83258,1.9746,0.206884
-1.83229,1.97441,0.207356
-1.83195,1.97454,0.20702
-1.83214,1.97559,0.206073
-1.83208,1.97547,0.206604
-1.83179,1.97641,0.206193
-1.83156,1.97593,0.207007
-1.83125,1.97543,0.207503
-1.8317,1.97589,0.207589
-1.83185,1.97602,0.206688
-1.83209,1.97615,0.206358
-1.83122,1.97592,0.205191
-1.83144,1.97539,0.205679
-1.83176,1.97479,0.206157
-1.8312,1.97402,0.206915
-1.83135,1.97447,0.207665
-1.83094,1.97436,0.207825
-1.83127,1.97405,0.208186
-1.83179,1.97313,0.208165
-1.83151,1.97228,0.208118
-1.83076,1.97195,0.207698
-1.83148,1.97131,0.208137
-1.83041,1.9711,0.208697
-1.83034,1.97065,0.208265
-1.83002,1.97047,0.208338
-1.82948,1.97048,0.209048
-1.83008,1.97002,0.209296
-1.83036,1.96968,0.208327
-1.82997,1.96957,0.207924
-1.82897,1.96969,0.208487
-1.82962,1.97079,0.207728
-1.82987,1.96887,0.20754
-1.8296,1.96813,0.207525
-1.82888,1.96714,0.20708
-1.82924,1.96653,0.207278
-1.82913,1.96726,0.207644
-1.82981,1.96828,0.206869
-1.82942,1.9682,0.208125
-1.82936,1.96836,0.208085
-1.82976,1.96866,0.207837
-1.82903,1.96823,0.2084
-1.8288,1.96805,0.208427
-1.82803,1.96899,0.209048
-1.82869,1.96868,0.208587
-1.82806,1.96789,0.209523
-1.82819,1.96863,0.209893
-1.82858,1.96878,0.209702
-1.82789,1.96761,0.210475
-1.82823,1.96888,0.211038
-1.82803,1.96929,0.21095
-1.82806,1.96848,0.211584
-1.82854,1.96782,0.211098
-1.82794,1.96808,0.211047
-1.82768,1.96768,0.210105
-1.82751,1.96751,0.210545
-1.82775,1.96787,0.210929
-1.82858,1.96771,0.21126
-1.82855,1.96749,0.210853
-1.82817,1.96651,0.209945
-1.8276,1.96693,0.210108
-1.82795,1.96727,0.209478
-1.82745,1.96685,0.209697
-1.82726,1.96659,0.209053
-1.82775,1.96648,0.209225
-1.82762,1.96663,0.209344
-1.82646,1.9669,0.209944
-1.8281,1.96674,0.209778
-1.82883,1.96721,0.210253
-1.82916,1.96765,0.210716
-1.82902,1.96771,0.210037
-1.82788,1.96719,0.20901
-1.82882,1.96822,0.208107
-1.82895,1.96822,0.208718
-1.82973,1.96802,0.209349
-1.83035,1.9677,0.208803
-1.82975,1.96837,0.208168
-1.8309,1.96875,0.209133
-1.83095,1.96935,0.208191
-1.83164,1.97031,0.208169
-1.83117,1.97044,0.208755
-1.83115,1.97002,0.209436
-1.83203,1.96912,0.208668
-1.83221,1.96939,0.208053
-1.832,1.96908,0.207779
-1.83181,1.96998,0.207913
-1.83243,1.96854,0.208198
-1.83219,1.96945,0.208606
-1.83258,1.96985,0.208555
-1.83194,1.96816,0.20858
-1.83183,1.96837,0.208402
-1.83208,1.96837,0.208631
-1.83293,1.96797,0.208985
-1.83302,1.96742,0.20924
-1.83336,1.96764,0.210599
-1.83397,1.96772,0.210401
-1.8325,1.96707,0.210484
-1.83351,1.96725,0.209965
-1.83452,1.96807,0.210128
-1.83426,1.968,0.210694
-1.83498,1.96861,0.210856
-1.83507,1.96757,0.210529
-1.83407,1.96841,0.210282
-1.83556,1.97011,0.210821
-1.83544,1.96956,0.210223
-1.83426,1.96881,0.210712
-1.83506,1.96932,0.209324
-1.83439,1.96878,0.209847
-1.83416,1.96953,0.209771
-1.83471,1.97003,0.211429
-1.83334,1.96874,0.210768
-1.83307,1.96899,0.211005
-1.83287,1.96908,0.210626
-1.8329,1.96867,0.2102
-1.83364,1.96819,0.211247
-1.8343,1.96883,0.211308
-1.83305,1.96789,0.210117
-1.83265,1.96808,0.209367
-1.83251,1.96897,0.209846
-1.83234,1.96975,0.210668
-1.83235,1.96963,0.211026
-1.83272,1.97,0.2109
-1.83325,1.96917,0.210851
-1.8326,1.968,0.210449
-1.83243,1.96767,0.211012
-1.83163,1.9672,0.21162
-1.83121,1.96768,0.210881
-1.83146,1.96769,0.210351
-1.83123,1.96747,0.21175
-1.83115,1.96731,0.211693
-1.83153,1.96651,0.21151
-1.83084,1.96612,0.210164
-1.82996,1.96541,0.210123
-1.8298,1.96595,0.210727
-1.82908,1.96691,0.211338
-1.83003,1.96688,0.21217
-1.82898,1.96674,0.212128
-1.82925,1.96757,0.212902
-1.83041,1.96692,0.213997
-1.82956,1.96741,0.21455
-1.8298,1.96699,0.214142
-1.82877,1.96667,0.213403
-1.82991,1.96674,0.213026
-1.83015,1.96782,0.212045
-1.82974,1.96731,0.211928
-1.82889,1.96745,0.212147
-1.82881,1.96718,0.213047
-1.82912,1.96731,0.21366
-1.82934,1.96714,0.214116
-1.82906,1.96791,0.213832
-1.8286,1.96769,0.213451
-1.82904,1.96752,0.21313
-1.82873,1.96733,0.212527
-1.82799,1.96694,0.212589
-1.82764,1.9664,0.212106
-1.82834,1.96612,0.212399
-1.82864,1.96558,0.213196
-1.82821,1.96607,0.214238
-1.82847,1.96575,0.214023
-1.82743,1.96595,0.214044
-1.8281,1.96656,0.214774
-1.82737,1.96589,0.21542
-1.82716,1.96576,0.214415
-1.82778,1.96427,0.214509
-1.82632,1.96401,0.214196
-1.82559,1.96345,0.214228
-1.82496,1.9638,0.213767
-1.82565,1.96417,0.21369
-1.82553,1.96378,0.213841
-1.82587,1.96339,0.214484
-1.82632,1.96405,0.214146
-1.82657,1.9647,0.213787
-1.82679,1.96476,0.21352
-1.82724,1.96484,0.213192
-1.82669,1.96503,0.214157
-1.82717,1.96605,0.213368
-1.82774,1.9656,0.21337
-1.82828,1.96482,0.212361
-1.82835,1.96414,0.212348
-1.82914,1.96353,0.212588
-1.82948,1.96346,0.212219
-1.8301,1.96382,0.212208
-1.83027,1.96298,0.212475
-1.82974,1.96385,0.211974
-1.82983,1.96402,0.212218
-1.8303,1.96328,0.212257
-1.82899,1.96393,0.212726
-1.82838,1.96345,0.212204
-1.82892,1.96408,0.21199
-1.82924,1.96448,0.21231
-1.82977,1.96457,0.211906
-1.82958,1.96506,0.211594
-1.82932,1.96517,0.21131
-1.82926,1.96495,0.211182
-1.82886,1.96446,0.211566
-1.82957,1.96546,0.212346
-1.82983,1.96586,0.211827
-1.83055,1.9665,0.21144
-1.83022,1.9665,0.211842
-1.8304,1.96695,0.211454
-1.83124,1.96681,0.210818
-1.83115,1.96631,0.210922
-1.83062,1.96664,0.21105
-1.8312,1.96587,0.210645
-1.83201,1.9661,0.211156
-1.83158,1.96591,0.211465
-1.83262,1.96662,0.212018
-1.83237,1.96626,0.212464
-1.83177,1.96669,0.212001
-1.83118,1.96603,0.211941
-1.83191,1.96737,0.211806
-1.83175,1.9673,0.211369
-1.83203,1.96667,0.212131
-1.83283,1.96714,0.212399
-1.83198,1.96773,0.212462
-1.83225,1.9681,0.212815
-1.83298,1.96828,0.213532
-1.83296,1.96707,0.213001
-1.8337,1.96711,0.212856
-1.83304,1.96729,0.212768
-1.83272,1.96664,0.212499
-1.8324,1.96636,0.211472
-1.83267,1.96615,0.211696
-1.8321,1.96606,0.212569
-1.83222,1.96618,0.212276
-1.83241,1.96605,0.211834
-1.83291,1.96683,0.212231
-1.83327,1.96558,0.212347
-1.83238,1.96561,0.2137
-1.83354,1.96607,0.215015
-1.83317,1.96596,0.215799
-1.83322,1.96667,0.215726
-1.83378,1.96787,0.215807
-1.83421,1.96742,0.215273
-1.8336,1.96607,0.21518
-1.83507,1.96629,0.216152
-1.83409,1.96533,0.216228
-1.83414,1.96587,0.215424
-1.83499,1.96556,0.215659
-1.83475,1.96526,0.215132
-1.83433,1.96557,0.215978
-1.83451,1.9656,0.21622
-1.83558,1.96631,0.21608
-1.83454,1.96664,0.21598
-1.83445,1.96743,0.215197
-1.83492,1.96671,0.214245
-1.8338,1.96622,0.21429
-1.83415,1.96738,0.215118
-1.83363,1.96767,0.2148
-1.83345,1.96644,0.214915
-1.83408,1.96813,0.214472
-1.83417,1.96874,0.214159
-1.83376,1.96815,0.213673
-1.83388,1.96816,0.213445
-1.83418,1.96844,0.213573
-1.8344,1.96908,0.213479
-1.83495,1.96735,0.214315
-1.8342,1.96767,0.213777
-1.83462,1.96861,0.212662
-1.83464,1.96791,0.212615
-1.83423,1.96771,0.212954
-1.83453,1.96855,0.212834
-1.83383,1.96902,0.212842
-1.83405,1.96902,0.212318
-1.83304,1.96853,0.212458
-1.83342,1.9686,0.212317
-1.83368,1.96883,0.212444
-1.8329,1.9686,0.21238
-1.83313,1.96842,0.212747
-1.83353,1.96878,0.212319
-1.83396,1.96885,0.212357
-1.83406,1.9689,0.212775
-1.83423,1.96889,0.213365
-1.83393,1.96951,0.212874
-1.8337,1.96897,0.212249
-1.83408,1.97046,0.212111
-1.83311,1.97039,0.211696
-1.83315,1.97065,0.211962
-1.83348,1.96969,0.212383
-1.83348,1.97006,0.213281
-1.83356,1.97097,0.213019
-1.83364,1.9706,0.213632
-1.83324,1.97096,0.214657
-1.83408,1.97086,0.215456
-1.833,1.97141,0.215362
-1.83354,1.9714,0.215724
-1.83395,1.97079,0.215855
-1.83386,1.97042,0.215473
-1.8335,1.97157,0.215733
-1.83411,1.97121,0.215205
-1.83398,1.97166,0.215569
-1.83479,1.97221,0.216195
-1.83386,1.97152,0.216068
-1.83328,1.97225,0.215639
-1.83518,1.97188,0.215467
-1.83487,1.97169,0.215107
-1.83489,1.97179,0.21446
-1.83563,1.97238,0.215211
-1.8354,1.97227,0.215385
-1.83515,1.97314,0.21519
-1.83595,1.97274,0.214567
-1.83554,1.97108,0.213799
-1.83538,1.97071,0.213322
-1.83572,1.97142,0.212718
-1.83512,1.97202,0.21169
-1.83458,1.97216,0.211937
-1.83402,1.97171,0.211877
-1.83452,1.97186,0.212856
-1.83497,1.97238,0.212991
-1.83502,1.97224,0.213528
-1.83415,1.9736,0.213352
-1.83404,1.97365,0.212975
-1.83358,1.97334,0.212526
-1.83378,1.97348,0.211968
-1.83429,1.97424,0.211276
-1.83403,1.97434,0.211628
-1.83337,1.97485,0.212369
-1.83355,1.97544,0.212457
-1.83307,1.97494,0.212747
-1.83338,1.97586,0.212908
-1.83436,1.97634,0.212934
-1.83435,1.97469,0.213447
-1.83409,1.9747,0.213575
-1.83401,1.9753,0.21276
-1.8336,1.97498,0.211731
-1.83403,1.97489,0.211927
-1.83471,1.97432,0.212247
-1.83448,1.9732,0.212716
-1.83508,1.97355,0.213586
-1.83524,1.97421,0.213966
-1.83391,1.97296,0.214392
-1.83365,1.97248,0.214461
-1.83373,1.97285,0.213617
-1.83451,1.97293,0.213972
-1.83412,1.97266,0.213646
-1.83325,1.97327,0.214455
-1.83282,1.97365,0.214396
-1.83344,1.97395,0.214945
-1.83334,1.97485,0.214932
-1.83294,1.97451,0.214489
-1.83332,1.9731,0.215796
-1.83351,1.97311,0.216268
-1.83341,1.97398,0.21695
-1.83387,1.97402,0.217119
-1.83364,1.97341,0.21673
-1.83261,1.97393,0.216965
-1.83322,1.97347,0.216325
-1.8331,1.97299,0.216728
-1.83348,1.97287,0.216849
-1.83396,1.97378,0.216007
-1.83317,1.97277,0.216009
-1.83259,1.97336,0.215808
-1.83271,1.97361,0.216241
-1.83209,1.97346,0.21533
-1.83218,1.97399,0.215718
-1.83095,1.97343,0.216203
-1.83031,1.97258,0.216519
-1.82986,1.97246,0.216718
-1.82944,1.97293,0.216636
-1.82822,1.97254,0.217157
-1.82889,1.97179,0.217653
-1.82843,1.97254,0.217056
-1.82792,1.97331,0.217123
-1.82873,1.97391,0.217506
-1.82772,1.97423,0.217619
-1.82745,1.97336,0.217428
-1.82775,1.97339,0.217257
-1.82862,1.97372,0.217448
-1.82823,1.97344,0.218043
-1.82935,1.97293,0.217797
-1.82942,1.9723,0.217356
-1.82881,1.97246,0.216712
-1.8283,1.973,0.216074
-1.82823,1.97217,0.215366
-1.82812,1.97312,0.215083
-1.82825,1.9731,0.214866
-1.82734,1.9723,0.215335
-1.82744,1.97142,0.21471
-1.82732,1.97106,0.214902
-1.8269,1.96995,0.215117
-1.82687,1.97044,0.21495
-1.82638,1.97068,0.215013
-1.82642,1.97071,0.215379
-1.82693,1.97033,0.215969
-1.82719,1.9694,0.21642
-1.82761,1.96841,0.216114
-1.82798,1.96932,0.216013
-1.82869,1.96923,0.215179
-1.82818,1.96793,0.214784
-1.82803,1.96839,0.214672
-1.82799,1.96773,0.215623
-1.82678,1.96711,0.216337
-1.82659,1.96705,0.216917
-1.82785,1.96769,0.217491
-1.8275,1.96828,0.217048
-1.82775,1.96896,0.217147
-1.82814,1.96871,0.21734
-1.82804,1.96865,0.217176
-1.82852,1.96867,0.21628
-1.82878,1.96804,0.215817
-1.82862,1.9679,0.214986
-1.82834,1.96818,0.21558
-1.82765,1.9686,0.215143
-1.82794,1.96908,0.214444
-1.82802,1.96927,0.213955
-1.82772,1.96828,0.215824
-1.82768,1.96809,0.215575
-1.82811,1.96817,0.214999
-1.82809,1.96723,0.214985
-1.82827,1.96621,0.216135
-1.82813,1.96594,0.215617
-1.82867,1.96455,0.216331
-1.82879,1.96396,0.216405
-1.82914,1.96404,0.21577
-1.82855,1.96335,0.215546
-1.82845,1.96345,0.21573
-1.82908,1.96388,0.215
-1.82906,1.96332,0.214873
-1.8283,1.96324,0.21567
-1.82825,1.96375,0.215447
-1.8285,1.96449,0.215106
-1.82828,1.96365,0.215319
-1.82853,1.9639,0.21467
-1.82744,1.96409,0.214078
-1.82718,1.96457,0.213352
-1.82795,1.96484,0.213709
-1.8275,1.96475,0.213581
-1.82738,1.96559,0.213759
-1.82782,1.96505,0.213283
-1.82694,1.96589,0.212856
-1.82786,1.96706,0.212813
-1.82782,1.96823,0.212916
-1.82679,1.96833,0.212063
-1.82741,1.96917,0.212838
-1.82694,1.96888,0.213301
-1.82691,1.96907,0.213114
-1.82814,1.96977,0.214233
-1.82741,1.96874,0.21367
-1.82716,1.96849,0.214429
-1.82753,1.96955,0.21475
-1.82739,1.96886,0.21446
-1.82808,1.96895,0.214047
-1.82817,1.96897,0.213037
-1.82832,1.9697,0.212739
-1.82734,1.96986,0.21338
-1.82872,1.9704,0.214009
-1.8292,1.96924,0.213524
-1.82965,1.96867,0.213146
-1.83014,1.96821,0.212999
-1.83053,1.9682,0.213764
-1.83092,1.96876,0.213687
-1.83072,1.96951,0.213408
-1.83082,1.97044,0.213511
-1.83031,1.97038,0.213835
-1.83029,1.96914,0.215047
-1.8302,1.96972,0.215438
-1.83023,1.96974,0.215401
-1.82958,1.96854,0.216092
-1.82924,1.96806,0.216498
-1.82966,1.96766,0.216317
-1.82911,1.96766,0.216765
-1.82933,1.9682,0.216885
-1.82919,1.96787,0.216094
-1.82939,1.96826,0.215766
-1.82925,1.96824,0.215479
-1.82993,1.96791,0.21508
-1.82928,1.96756,0.215167
-1.82932,1.96687,0.214545
-1.82994,1.96706,0.214308
-1.82927,1.96783,0.214174
-1.82964,1.96761,0.214346
-1.82918,1.96773,0.214016
-1.82915,1.96728,0.214442
-1.82917,1.96747,0.214308
-1.82896,1.96729,0.21394
-1.82951,1.96677,0.213229
-1.82981,1.96724,0.213511
-1.82962,1.96725,0.213639
-1.82967,1.96766,0.213411
-1.82943,1.96727,0.213286
-1.82985,1.96791,0.212809
-1.82973,1.9681,0.212931
-1.82886,1.96816,0.212912
-1.82855,1.96801,0.212692
-1.82946,1.96796,0.212068
-1.82913,1.96833,0.212008
-1.8292,1.96807,0.21124
-1.82988,1.96881,0.211289
-1.82855,1.96764,0.211539
-1.82907,1.96674,0.210763
-1.82901,1.96686,0.210083
-1.82898,1.96649,0.208802
-1.82944,1.96642,0.209913
-1.82943,1.96593,0.209242
-1.82945,1.9656,0.209285
-1.83027,1.96464,0.208569
-1.83093,1.96538,0.20936
-1.83067,1.96521,0.209731
-1.83083,1.96562,0.210655
-1.83066,1.9661,0.210286
-1.83196,1.96673,0.210067
-1.83078,1.96609,0.210659
-1.83127,1.96718,0.210916
-1.83164,1.96738,0.210506
-1.83085,1.96711,0.210284
-1.83124,1.9677,0.209963
-1.83098,1.96827,0.210101
-1.83047,1.96804,0.211047
-1.82949,1.96739,0.209833
-1.82991,1.96742,0.209567
-1.82948,1.96662,0.210613
-1.82937,1.96732,0.211959
-1.83,1.96692,0.212987
-1.82869,1.96666,0.212285
-1.82925,1.96738,0.21245
-1.82934,1.96772,0.212082
-1.82971,1.96798,0.212528
-1.82927,1.96728,0.212899
-1.82954,1.96736,0.212401
-1.82862,1.96834,0.211628
-1.82854,1.96788,0.211699
-1.82834,1.96836,0.211718
-1.82864,1.96775,0.211231
-1.82928,1.96742,0.21209
-1.82963,1.96701,0.212029
-1.82948,1.96708,0.213051
-1.82937,1.96646,0.213082
-1.82969,1.96638,0.212885
-1.82904,1.96676,0.213063
-1.82969,1.96695,0.213878
-1.82927,1.96606,0.214204
-1.82906,1.96585,0.214199
-1.82978,1.96601,0.214686
-1.83035,1.96659,0.214853
-1.83084,1.9678,0.214967
-1.83027,1.9667,0.21522
-1.8299,1.9672,0.215381
-1.82916,1.96701,0.21549
-1.82935,1.96806,0.215142
-1.8284,1.96869,0.215772
-1.82812,1.96843,0.215625
-1.82767,1.9675,0.217376
-1.82765,1.96801,0.217415
-1.82735,1.96826,0.217282
-1.82746,1.96771,0.217372
-1.82709,1.96723,0.217082
-1.82658,1.96755,0.217237
-1.82604,1.96783,0.217884
-1.82556,1.96797,0.218221
-1.8267,1.96795,0.217796
-1.82629,1.96767,0.217963
-1.82563,1.96699,0.218553
-1.82708,1.96662,0.218251
-1.82675,1.96672,0.21904
-1.82685,1.96683,0.219391
-1.82856,1.96761,0.219688
-1.82828,1.96749,0.220032
-1.82835,1.96799,0.220557
-1.82898,1.96812,0.220614
-1.8286,1.96775,0.219684
-1.82913,1.96752,0.219826
-1.82901,1.96786,0.220258
-1.82782,1.96725,0.220344
-1.82909,1.96795,0.220986
-1.82902,1.96721,0.220628
-1.82871,1.96654,0.220684
-1.82931,1.96734,0.220386
-1.82991,1.96672,0.220471
-1.82867,1.96662,0.220232
-1.82943,1.96715,0.220014
-1.82927,1.9666,0.220027
-1.82826,1.96673,0.220703
-1.8289,1.96756,0.220177
-1.82909,1.96792,0.219859
-1.82929,1.96689,0.219342
-1.82965,1.96664,0.21919
-1.83025,1.96577,0.219818
-1.82975,1.96577,0.219579
-1.83003,1.9653,0.218779
-1.82897,1.96647,0.220246
-1.8292,1.96599,0.220206
-1.82932,1.96558,0.219482
-1.82979,1.96582,0.219917
-1.82998,1.96648,0.219804
-1.83042,1.96629,0.221008
-1.83043,1.96614,0.221112
-1.82965,1.9658,0.220752
-1.82916,1.96562,0.21934
-1.82895,1.96474,0.218499
-1.82892,1.96532,0.219399
-1.82985,1.96414,0.218886
-1.83052,1.96309,0.218075
-1.82977,1.9631,0.217955
-1.83082,1.96252,0.218861
-1.83019,1.96304,0.218176
-1.83121,1.9636,0.217877
-1.83161,1.96304,0.217816
-1.83171,1.96155,0.217597
-1.83145,1.96101,0.218368
-1.83258,1.96131,0.218067
-1.83257,1.9614,0.217624
-1.83303,1.96187,0.216927
-1.83339,1.96168,0.216641
-1.83301,1.96117,0.216687
-1.83317,1.9613,0.216903
-1.83254,1.9617,0.216314
-1.83338,1.96158,0.216034
-1.83311,1.96152,0.215649
-1.83228,1.96156,0.215806
-1.83316,1.96249,0.215987
-1.83078,1.96192,0.21609
-1.83054,1.96242,0.216065
-1.83138,1.96362,0.216319
-1.83105,1.96316,0.216267
-1.83099,1.96317,0.216241
-1.83117,1.96279,0.215608
-1.82995,1.96333,0.214829
-1.83057,1.96338,0.215222
-1.83056,1.96324,0.216306
-1.83109,1.96415,0.21676
-1.83076,1.963,0.217716
-1.83087,1.96265,0.218637
-1.83117,1.9622,0.218511
-1.83102,1.96137,0.218766
-1.83074,1.96134,0.218184
-1.8319,1.96136,0.218404
-1.83108,1.96105,0.218331
-1.83106,1.96254,0.218284
-1.83149,1.96194,0.218491
-1.83112,1.96213,0.218101
-1.83173,1.96194,0.217651
-1.83142,1.96158,0.217637
-1.8317,1.96187,0.218242
-1.83263,1.96229,0.218145
-1.83173,1.96134,0.217999
-1.83172,1.96169,0.217525
-1.83192,1.96204,0.217126
-1.83204,1.96233,0.216762
-1.83102,1.96148,0.216908
-1.83145,1.9618,0.216875
-1.83092,1.96097,0.217545
-1.83056,1.9611,0.217633
-1.83069,1.96112,0.216758
-1.831,1.96138,0.216954
-1.8312,1.96026,0.216896
-1.83019,1.95915,0.21699
-1.8302,1.96021,0.217412
-1.83059,1.95983,0.217924
-1.82998,1.9583,0.218034
-1.8308,1.95807,0.218749
-1.83056,1.95836,0.217977
-1.83178,1.9578,0.218718
-1.83094,1.95756,0.2193
-1.83096,1.9587,0.218737
-1.83167,1.9587,0.218933
-1.83105,1.95915,0.21888
-1.8309,1.95884,0.218929
-1.83027,1.9578,0.218952
-1.83041,1.95794,0.219108
-1.83077,1.95779,0.219079
-1.82911,1.95686,0.2191
-1.82861,1.95599,0.219046
-1.82922,1.95553,0.218637
-1.82934,1.9549,0.217778
-1.82938,1.95465,0.217534
-1.82913,1.95401,0.217761
-1.82824,1.95339,0.21858
-1.82913,1.95418,0.219771
-1.82918,1.9536,0.219577
-1.82715,1.95235,0.219846
-1.82813,1.95195,0.219962
-1.82803,1.95148,0.219848
-1.82766,1.95196,0.220355
-1.82853,1.95217,0.219959
-1.82884,1.9516,0.219162
-1.82984,1.95058,0.218804
-1.83079,1.95075,0.219094
-1.82897,1.95098,0.218989
-1.82987,1.95097,0.218935
-1.83085,1.95056,0.217535
-1.83083,1.94962,0.217648
-1.83086,1.95097,0.217684
-1.8301,1.95082,0.217719
-1.83104,1.95077,0.217394
-1.83104,1.95241,0.216876
-1.83117,1.95095,0.216641
-1.83067,1.95042,0.216971
-1.83085,1.95131,0.216761
-1.83151,1.95054,0.217059
-1.83217,1.95054,0.217126
-1.8321,1.95041,0.218078
-1.83328,1.95067,0.218337
-1.83315,1.95085,0.219252
-1.83296,1.94998,0.219651
-1.8336,1.95009,0.219344
-1.83426,1.94987,0.219085
-1.83468,1.9502,0.219132
-1.83493,1.9509,0.219229
-1.83512,1.95112,0.220489
-1.83533,1.95228,0.221964
-1.83483,1.95206,0.22135
-1.83451,1.9519,0.221766
-1.83448,1.95234,0.220521
-1.83508,1.95197,0.221895
-1.83386,1.95168,0.222097
-1.83429,1.95248,0.22257
-1.83542,1.95261,0.223366
-1.8351,1.95206,0.224282
-1.83399,1.95222,0.224252
-1.83445,1.95256,0.223994
-1.83408,1.95251,0.224675
-1.83388,1.9527,0.225729
-1.83453,1.95337,0.226159
-1.83354,1.95352,0.226844
-1.83285,1.95409,0.227472
-1.83384,1.95401,0.227429
-1.83412,1.95491,0.227747
-1.83404,1.95446,0.227126
-1.83375,1.95498,0.226182
-1.83403,1.95496,0.225886
-1.83451,1.95499,0.225637
-1.83399,1.95487,0.225113
-1.83398,1.95448,0.225549
-1.83261,1.95517,0.224975
-1.83242,1.95649,0.225798
-1.83225,1.95646,0.224488
-1.83175,1.95629,0.224247
-1.83184,1.95692,0.225305
-1.83355,1.95711,0.224556
-1.83376,1.95785,0.224979
-1.8336,1.95798,0.225498
-1.83391,1.95897,0.225734
-1.83388,1.95795,0.224981
-1.83353,1.95815,0.224925
-1.83431,1.95762,0.224863
-1.83408,1.95856,0.225789
-1.83486,1.95969,0.225946
-1.83556,1.96084,0.225938
-1.83455,1.96051,0.226296
-1.83503,1.96014,0.226499
-1.83423,1.96048,0.226447
-1.83457,1.95995,0.227812
-1.8351,1.96014,0.226937
-1.83506,1.95972,0.227209
-1.83521,1.96073,0.226562
-1.8356,1.96068,0.226357
-1.8355,1.95929,0.225572
-1.83542,1.95885,0.226326
-1.83659,1.9598,0.226023
-1.83545,1.95928,0.226456
-1.83543,1.9599,0.226404
-1.83686,1.95936,0.226657
-1.83696,1.95857,0.226527
-1.83723,1.9574,0.227006
-1.83674,1.95738,0.226746
-1.83695,1.95738,0.226483
-1.83752,1.95895,0.227064
-1.83766,1.95859,0.227132
-1.83748,1.95825,0.227301
-1.83716,1.95876,0.227014
-1.83692,1.95911,0.227564
-1.83643,1.9591,0.227804
-1.83615,1.95853,0.228081
-1.83739,1.95837,0.227709
-1.83715,1.95809,0.227772
-1.83614,1.95778,0.227137
-1.83731,1.95879,0.227053
-1.83641,1.95788,0.226869
-1.83669,1.9572,0.227092
-1.83669,1.95831,0.226654
-1.8362,1.95763,0.225639
-1.83542,1.95933,0.225671
-1.83519,1.95879,0.224716
-1.83489,1.95966,0.224757
-1.8348,1.96008,0.224621
-1.83443,1.95991,0.224183
-1.83429,1.96003,0.224344
-1.83501,1.9593,0.224237
-1.83497,1.95907,0.224713
-1.834,1.95751,0.225236
-1.83522,1.95794,0.226107
-1.83586,1.95868,0.225173
-1.83569,1.95936,0.224931
-1.8357,1.95966,0.224496
-1.83525,1.96033,0.22454
-1.83505,1.96018,0.224608
-1.83491,1.95973,0.224069
-1.83478,1.96008,0.223718
-1.835,1.96042,0.224124
-1.83518,1.96093,0.223033
-1.8353,1.96092,0.223293
-1.83463,1.96149,0.223558
-1.83421,1.96156,0.224091
-1.83367,1.96062,0.223785
-1.83422,1.96011,0.223171
-1.83398,1.95918,0.222368
-1.8339,1.95952,0.221496
-1.8339,1.95898,0.221317
-1.83346,1.95873,0.221145
-1.83336,1.95913,0.221501
-1.83328,1.95879,0.221802
-1.83421,1.95856,0.221265
-1.83405,1.95871,0.221999
-1.83463,1.95855,0.221688
-1.83421,1.95827,0.220873
-1.8346,1.9583,0.220536
-1.83454,1.95954,0.219885
-1.83425,1.96059,0.219747
-1.83389,1.96031,0.21961
-1.83434,1.96031,0.220044
-1.83418,1.96055,0.22079
-1.83374,1.9607,0.22044
-1.83447,1.9614,0.219575
-1.8331,1.96238,0.219035
-1.83384,1.96224,0.218576
-1.83373,1.96273,0.218679
-1.8335,1.96279,0.218211
-1.83441,1.96211,0.218317
-1.8339,1.96225,0.219763
-1.8337,1.9636,0.219797
-1.83433,1.96246,0.220191
-1.8348,1.96259,0.220531
-1.83499,1.96326,0.219652
-1.83503,1.96306,0.220067
-1.83471,1.96246,0.220863
-1.8345,1.96353,0.220133
-1.83376,1.96299,0.21941
-1.83392,1.96217,0.219656
-1.83399,1.96188,0.219065
-1.83459,1.96215,0.218707
-1.83477,1.96244,0.218676
-1.8342,1.96214,0.217385
-1.83445,1.96304,0.217753
-1.83467,1.96259,0.217307
-1.8345,1.96217,0.218257
-1.83396,1.96221,0.217351
-1.83499,1.96351,0.21701
-1.83556,1.96333,0.217261
-1.83453,1.96285,0.215909
-1.83452,1.96295,0.215785
-1.83403,1.96298,0.215485
-1.83411,1.96361,0.215523
-1.83449,1.96416,0.216036
-1.83453,1.96458,0.215506
-1.83386,1.96571,0.214677
-1.83402,1.96518,0.21461
-1.83364,1.96484,0.214018
-1.83483,1.96523,0.214546
-1.83485,1.96516,0.21446
-1.83471,1.96509,0.21468
-1.83412,1.96472,0.214264
-1.83436,1.96435,0.214638
-1.83463,1.96528,0.213925
-1.83531,1.9663,0.213872
-1.83463,1.96541,0.214325
-1.83494,1.96516,0.214375
-1.83571,1.96458,0.21419
-1.83455,1.96333,0.214159
-1.83464,1.96442,0.213395
-1.83527,1.9641,0.213245
-1.8352,1.96376,0.21249
-1.83643,1.96391,0.21202
-1.83711,1.96363,0.212643
-1.83589,1.9633,0.212021
-1.83723,1.96421,0.210898
-1.83702,1.96458,0.211026
-1.83705,1.96384,0.211337
-1.83659,1.96474,0.211663
-1.83661,1.96432,0.21191
-1.83613,1.96441,0.212029
-1.83528,1.96512,0.212576
-1.83559,1.9655,0.212713
-1.83481,1.96505,0.213127
-1.83464,1.96516,0.213283
-1.83483,1.96613,0.212123
-1.83431,1.96532,0.21148
-1.83408,1.96563,0.212437
-1.83392,1.96518,0.21317
-1.83369,1.96531,0.212922
-1.83414,1.96615,0.213055
-1.8332,1.96621,0.212795
-1.83257,1.96573,0.21212
-1.83329,1.96464,0.211781
-1.83355,1.96567,0.212078
-1.83327,1.96526,0.211695
-1.83252,1.96569,0.211385
-1.83273,1.96552,0.21161
-1.83158,1.96656,0.212136
-1.83235,1.96585,0.212435
-1.83228,1.96628,0.213434
-1.83199,1.96643,0.213334
-1.83193,1.96715,0.213546
-1.83349,1.96674,0.213243
-1.83296,1.96665,0.213627
-1.83199,1.96671,0.214139
-1.83269,1.967,0.214741
-1.8325,1.96656,0.215084
-1.83243,1.96698,0.216107
-1.83335,1.96683,0.215817
-1.8334,1.96697,0.21577
-1.83414,1.96713,0.215951
-1.83484,1.96808,0.21656
-1.83495,1.96856,0.215601
-1.8356,1.96823,0.216062
-1.8353,1.96841,0.215405
-1.83561,1.96825,0.213996
-1.8345,1.96883,0.214561
-1.83518,1.96824,0.215387
-1.83466,1.9687,0.214585
-1.83439,1.9693,0.215183
-1.83454,1.96947,0.214965
-1.834,1.96893,0.215281
-1.83409,1.9695,0.215416
-1.83385,1.96917,0.215569
-1.83403,1.96926,0.215296
-1.83286,1.96882,0.215609
-1.83223,1.96833,0.216481
-1.83339,1.96964,0.216503
-1.83339,1.96981,0.216272
-1.83372,1.96939,0.216575
-1.83341,1.96995,0.215957
-1.83278,1.97049,0.215757
-1.83322,1.96989,0.217279
-1.83388,1.96926,0.217243
-1.83374,1.96874,0.21696
-1.83442,1.96879,0.217458
-1.83449,1.96942,0.217167
-1.83422,1.96914,0.217568
-1.83394,1.96918,0.217225
-1.83457,1.97047,0.21686
-1.83451,1.96984,0.217182
-1.83379,1.96971,0.217014
-1.83379,1.96856,0.217815
-1.83401,1.96787,0.216888
-1.83412,1.96782,0.217026
-1.83467,1.96859,0.21765
-1.834,1.96858,0.216775
-1.83288,1.9682,0.216364
-1.83296,1.96773,0.216299
-1.8315,1.96781,0.216804
-1.83172,1.96724,0.217
-1.83166,1.96649,0.216688
-1.83118,1.967,0.217132
-1.83179,1.96742,0.217527
-1.83166,1.96748,0.217666
-1.83182,1.96726,0.217758
-1.83133,1.96684,0.218147
-1.83065,1.96746,0.217368
-1.83121,1.96775,0.217812
-1.83174,1.96694,0.218226
-1.83165,1.9667,0.218332
-1.83286,1.96561,0.219373
-1.83262,1.9655,0.219183
-1.83336,1.96533,0.218697
-1.83339,1.96561,0.21847
-1.83443,1.96574,0.217435
-1.83468,1.96558,0.218042
-1.83485,1.96505,0.217391
-1.83552,1.96488,0.216493
-1.83598,1.96603,0.216313
-1.8358,1.96546,0.216646
-1.83527,1.96448,0.216338
-1.83495,1.96497,0.216792
-1.83506,1.9647,0.216438
-1.83464,1.9656,0.21689
-1.83461,1.96553,0.215795
-1.83462,1.96644,0.215723
-1.83451,1.96627,0.215284
-1.83473,1.9668,0.215572
-1.83482,1.96674,0.216033
-1.83533,1.96579,0.216464
-1.8362,1.96586,0.215196
-1.83688,1.96571,0.215332
-1.83652,1.96515,0.215417
-1.83633,1.96507,0.215114
-1.8357,1.96503,0.2152
-1.83611,1.96461,0.214906
-1.83748,1.96439,0.215147
-1.83798,1.96401,0.215075
-1.83761,1.96401,0.215212
-1.83683,1.9637,0.215171
-1.83668,1.96308,0.214396
-1.83647,1.9628,0.213452
-1.837,1.96372,0.213808
-1.83626,1.96318,0.214793
-1.83575,1.96339,0.214858
-1.83601,1.96326,0.215529
-1.83548,1.96227,0.215763
-1.83601,1.9623,0.215552
-1.83585,1.96289,0.215128
-1.83654,1.96317,0.215517
-1.8356,1.96206,0.216055
-1.8355,1.96261,0.215595
-1.83482,1.96212,0.216258
-1.83413,1.96182,0.216687
-1.834,1.96157,0.216353
-1.83372,1.96199,0.216782
-1.83326,1.96208,0.21718
-1.83316,1.96166,0.216614
-1.83307,1.96231,0.216451
-1.83229,1.9627,0.216423
-1.83316,1.96225,0.216446
-1.8317,1.9609,0.216266
-1.8316,1.96054,0.215651
-1.83136,1.9615,0.216238
-1.83141,1.96045,0.215959
-1.83264,1.96048,0.215575
-1.83293,1.96053,0.215227
-1.83299,1.96051,0.214857
-1.83246,1.96021,0.2153
-1.83254,1.9608,0.214771
-1.83167,1.96075,0.215038
-1.83207,1.9608,0.216213
-1.83274,1.96112,0.21577
-1.83244,1.96061,0.214508
-1.8339,1.96089,0.215309
-1.83415,1.96102,0.214609
-1.83294,1.96079,0.213613
-1.83315,1.96094,0.213258
-1.83389,1.96089,0.212933
-1.83323,1.96104,0.212712
-1.83286,1.96128,0.212683
-1.83279,1.96193,0.211326
-1.83299,1.96203,0.210989
-1.83388,1.96308,0.210736
-1.8339,1.96314,0.210866
-1.83273,1.96294,0.211779
-1.83421,1.96324,0.212101
-1.83359,1.96329,0.212382
-1.83405,1.96243,0.21242
-1.83247,1.96242,0.213216
-1.83272,1.96269,0.213296
-1.83268,1.9635,0.213325
-1.83216,1.96401,0.213252
-1.83207,1.96382,0.213332
-1.83218,1.96373,0.213676
-1.83257,1.96413,0.213422
-1.83142,1.96435,0.212944
-1.83129,1.96384,0.213355
-1.83172,1.9639,0.213301
-1.83247,1.96382,0.213152
-1.83167,1.96422,0.213511
-1.83188,1.96426,0.214347
-1.83286,1.96456,0.214442
-1.83236,1.96482,0.214003
-1.83242,1.96513,0.213797
-1.83155,1.96471,0.21389
-1.832,1.96482,0.213027
-1.83202,1.96466,0.212147
-1.83256,1.96475,0.212162
-1.83308,1.9655,0.211595
-1.83356,1.96494,0.211488
-1.83293,1.96538,0.211231
-1.83236,1.96547,0.211521
-1.83227,1.9659,0.211795
-1.83198,1.966,0.211332
-1.83341,1.96582,0.21181
-1.83345,1.96541,0.211677
-1.83269,1.96511,0.211443
-1.83262,1.9653,0.212882
-1.83284,1.96423,0.21287
-1.83251,1.96435,0.213131
-1.83316,1.96334,0.213192
-1.83345,1.96324,0.212286
-1.83435,1.96363,0.213001
-1.8348,1.96287,0.213513
-1.8334,1.9629,0.213489
-1.83326,1.96307,0.213054
-1.83331,1.96353,0.213085
-1.83278,1.96325,0.213546
-1.83289,1.96292,0.214382
-1.83286,1.96254,0.214089
-1.83226,1.96378,0.213832
-1.83381,1.96352,0.213248
-1.83358,1.96241,0.214137
-1.83384,1.96304,0.214587
-1.83404,1.96286,0.213971
-1.83439,1.96236,0.213588
-1.83352,1.96217,0.213569
-1.83302,1.96221,0.212836
-1.83351,1.96242,0.213603
-1.83373,1.96398,0.214362
-1.83359,1.96421,0.21388
-1.83359,1.96418,0.215269
-1.83342,1.96422,0.214747
-1.83404,1.96397,0.214698
-1.83307,1.96278,0.214459
-1.8328,1.96286,0.214173
-1.83255,1.96307,0.213965
-1.83305,1.96208,0.214588
-1.83263,1.96181,0.214274
-1.83231,1.96185,0.213989
-1.83257,1.96181,0.214214
-1.8329,1.96192,0.21417
-1.83273,1.96165,0.214139
-1.83357,1.9624,0.213931
-1.83412,1.96214,0.214441
-1.8332,1.96164,0.215116
-1.83288,1.96222,0.216113
-1.83412,1.96347,0.216417
-1.83381,1.96321,0.217509
-1.83346,1.96266,0.218002
-1.83454,1.96317,0.217541
-1.83395,1.96288,0.217863
-1.83382,1.96395,0.218478
-1.83374,1.96316,0.218784
-1.83379,1.9624,0.217999
-1.83384,1.96307,0.217139
-1.83351,1.96259,0.216269
-1.83338,1.96221,0.21642
-1.83374,1.96281,0.217126
-1.83385,1.96271,0.215953
-1.83425,1.96193,0.216486
-1.83369,1.96073,0.216812
-1.83343,1.96124,0.215926
-1.83333,1.96139,0.216232
-1.83306,1.96098,0.215953
-1.83349,1.96184,0.216082
-1.83362,1.9615,0.216551
-1.83276,1.96049,0.216901
-1.83294,1.96013,0.217957
-1.83298,1.96166,0.218597
-1.83344,1.96135,0.218092
-1.83345,1.96043,0.217971
-1.83322,1.96038,0.218207
-1.83189,1.96029,0.218446
-1.8316,1.95966,0.218372
-1.83225,1.96041,0.218477
-1.83264,1.96024,0.218789
-1.83207,1.96035,0.218257
-1.83272,1.96151,0.218742
-1.83315,1.96178,0.219552
-1.83406,1.96206,0.219132
-1.83548,1.96212,0.219103
-1.83455,1.96183,0.219807
-1.83525,1.96093,0.219391
-1.83477,1.96057,0.219714
-1.83412,1.95946,0.220083
-1.83414,1.95902,0.220323
-1.83457,1.95977,0.219762
-1.83484,1.95882,0.220081
-1.8351,1.9596,0.219612
-1.83511,1.95944,0.220438
-1.83511,1.95979,0.220123
-1.83568,1.96026,0.220362
-1.83495,1.95943,0.219637
-1.83453,1.9598,0.220469
-1.83432,1.95872,0.219921
-1.83386,1.95846,0.218491
-1.83385,1.95823,0.217988
-1.83348,1.95898,0.218513
-1.83366,1.9594,0.218642
-1.8325,1.95972,0.218972
-1.83301,1.9598,0.219222
-1.8332,1.96,0.21966
-1.83217,1.96016,0.219524
-1.83246,1.96126,0.220022
-1.83241,1.96093,0.219825
-1.83237,1.96156,0.220017
-1.83254,1.9615,0.220105
-1.8327,1.96073,0.220395
-1.83188,1.96077,0.219891
-1.83362,1.9607,0.219474
-1.83243,1.95928,0.220276
-1.83253,1.95935,0.219565
-1.83388,1.96111,0.219835
-1.83325,1.9604,0.219115
-1.83244,1.96144,0.219592
-1.83268,1.96225,0.219646
-1.83301,1.96203,0.219991
-1.83289,1.96113,0.219396
-1.83363,1.96143,0.219389
-1.8337,1.96173,0.219484
-1.83304,1.96314,0.219097
-1.83277,1.96339,0.219194
-1.83184,1.96348,0.218759
-1.83194,1.96492,0.217822
-1.83185,1.96503,0.217578
-1.83038,1.96464,0.21721
-1.83019,1.96454,0.21837
-1.83048,1.96534,0.218499
-1.82985,1.96565,0.218476
-1.8299,1.96581,0.219396
-1.82999,1.96621,0.218225
-1.83005,1.96643,0.217471
-1.83039,1.96628,0.217584
-1.83055,1.96711,0.216786
-1.83078,1.96692,0.216881
-1.83139,1.96788,0.216266
-1.83038,1.96692,0.216265
-1.83033,1.96684,0.216125
-1.83031,1.96668,0.217315
-1.8309,1.96662,0.216899
-1.83041,1.96637,0.217075
-1.83122,1.96765,0.216458
-1.832,1.96857,0.217164
-1.83189,1.96741,0.217534
-1.83196,1.96723,0.217836
-1.83329,1.96701,0.217617
-1.83269,1.96639,0.217021
-1.83298,1.9667,0.217348
-1.83296,1.96737,0.217336
-1.83347,1.96758,0.218033
-1.83372,1.96709,0.217306
-1.83288,1.96736,0.21763
-1.83352,1.96705,0.21759
-1.83383,1.96632,0.217297
-1.83382,1.96599,0.217564
-1.8338,1.96565,0.217753
-1.83321,1.96512,0.217661
-1.83256,1.96513,0.217014
-1.83289,1.96537,0.216581
-1.83196,1.96596,0.216805
-1.83205,1.96672,0.215913
-1.83148,1.9662,0.21627
-1.83208,1.96564,0.216224
-1.83301,1.96501,0.216325
-1.83193,1.96474,0.216248
-1.83283,1.96549,0.216544
-1.83238,1.9656,0.216793
-1.8325,1.96492,0.217597
-1.8322,1.96505,0.217659
-1.83248,1.96482,0.217599
-1.8336,1.96435,0.217028
-1.83363,1.96419,0.217526
-1.8334,1.96425,0.217386
-1.83332,1.9645,0.217576
-1.83266,1.963,0.21817
-1.83295,1.96361,0.217795
-1.8328,1.96474,0.217792
-1.83293,1.9645,0.217396
-1.8334,1.96408,0.216802
-1.83355,1.9641,0.217403
-1.83417,1.96444,0.217821
-1.83351,1.96423,0.217425
-1.83439,1.96427,0.216552
-1.83451,1.96384,0.216428
-1.83511,1.96328,0.216501
-1.83494,1.96224,0.216447
-1.83465,1.96286,0.215407
-1.83553,1.96289,0.215237
-1.83533,1.96264,0.215651
-1.83433,1.963,0.217023
-1.8349,1.9621,0.21747
-1.83507,1.96197,0.218039
-1.83501,1.96163,0.21845
-1.83585,1.962,0.218453
-1.83563,1.96219,0.218044
-1.83582,1.96286,0.218279
-1.83633,1.96355,0.218232
-1.83473,1.96236,0.218288
-1.83593,1.96212,0.21826
-1.8358,1.96273,0.217885
-1.83568,1.96158,0.218071
-1.83571,1.96147,0.21814
-1.83802,1.9626,0.218272
-1.83719,1.96183,0.218479
-1.83637,1.96116,0.218304
-1.83705,1.96144,0.218485
-1.83621,1.96176,0.219525
-1.83725,1.96238,0.218201
-1.83658,1.9625,0.218402
-1.83652,1.96203,0.218076
-1.83515,1.96262,0.217754
-1.83471,1.96301,0.218649
-1.83537,1.96293,0.219225
-1.83348,1.96306,0.218436
-1.83477,1.96385,0.217325
-1.83446,1.96255,0.217567
-1.83479,1.9623,0.218116
-1.83556,1.96181,0.218273
-1.83602,1.96177,0.217873
-1.83608,1.96078,0.2184
-1.83608,1.95954,0.218276
-1.83652,1.96015,0.218458
-1.83464,1.95953,0.218359
-1.83449,1.95965,0.218635
-1.83484,1.96063,0.219141
-1.83508,1.95997,0.219289
-1.83405,1.96081,0.218967
-1.83442,1.96099,0.219268
-1.83533,1.96089,0.220249
-1.83485,1.96053,0.22117
-1.8358,1.96019,0.220602
-1.83545,1.95969,0.220482
-1.83657,1.95965,0.220338
-1.83589,1.96032,0.219967
-1.83551,1.95975,0.220056
-1.83625,1.9609,0.220447
-1.83565,1.959,0.220228
-1.83509,1.95923,0.22001
-1.83581,1.96117,0.221262
-1.83523,1.96127,0.220604
-1.83491,1.96123,0.221142
-1.83506,1.96248,0.222225
-1.8352,1.96307,0.222974
-1.83531,1.9631,0.222679
-1.83504,1.96389,0.222873
-1.83518,1.96313,0.222326
-1.83473,1.96343,0.221581
-1.83467,1.96381,0.221199
-1.8355,1.96348,0.221579
-1.83511,1.96307,0.221525
-1.83464,1.96343,0.221446
-1.83427,1.96368,0.22152
-1.83405,1.96458,0.221745
-1.83369,1.96378,0.22088
-1.83308,1.96393,0.220403
-1.83297,1.96538,0.22043
-1.83232,1.96566,0.220287
-1.83195,1.96612,0.220752
-1.83179,1.96647,0.220453
-1.83178,1.96647,0.220879
-1.82995,1.96654,0.220731
-1.83047,1.96631,0.220635
-1.82994,1.9664,0.220185
-1.83006,1.96642,0.219538
-1.83072,1.96604,0.219099
-1.8305,1.96436,0.219349
-1.82944,1.96547,0.219007
-1.83044,1.96729,0.219763
-1.82982,1.96622,0.219651
-1.82862,1.96614,0.219516
-1.8301,1.9668,0.219153
-1.8294,1.96571,0.219453
-1.82957,1.96513,0.21985
-1.82921,1.96609,0.219845
-1.82978,1.96586,0.219707
-1.83022,1.96571,0.219444
-1.83107,1.9649,0.219462
-1.83074,1.96472,0.220011
-1.82986,1.96552,0.220125
-1.83089,1.96598,0.220921
-1.83043,1.96534,0.220601
-1.83084,1.96504,0.220304
-1.83145,1.96545,0.219327
-1.83309,1.96637,0.219371
-1.83319,1.96648,0.219447
-1.83334,1.96698,0.219667
-1.83403,1.96727,0.219632
-1.83453,1.96774,0.219168
-1.83275,1.96725,0.218999
-1.83369,1.96671,0.218743
-1.83341,1.96564,0.218641
-1.83383,1.96834,0.219199
-1.83474,1.96811,0.219396
-1.83455,1.96756,0.219819
-1.83269,1.96767,0.219732
-1.83343,1.96824,0.220298
-1.83197,1.96693,0.221471
-1.83297,1.96644,0.220533
-1.83314,1.9653,0.219345
-1.8332,1.96429,0.219439
-1.83307,1.96469,0.219457
-1.83381,1.96457,0.220437
-1.83415,1.96315,0.220255
-1.83351,1.96353,0.220417
-1.835,1.9636,0.220248
-1.8369,1.96462,0.221397
-1.83826,1.96329,0.22137
-1.83211,1.96048,0.221065
-1.83263,1.96339,0.221244
-1.83157,1.96213,0.221453
-1.83564,1.9647,0.221502
-1.83292,1.96403,0.221044
-1.8334,1.96521,0.220211
-1.83554,1.96488,0.219405
-1.83274,1.96391,0.218563
-1.83556,1.96585,0.219298
-1.83449,1.96576,0.219432
-1.83294,1.96533,0.219602
-1.83502,1.96637,0.21934
-1.83409,1.96601,0.217891
-1.83279,1.96621,0.217678
-1.83333,1.96625,0.218295
-1.83432,1.96557,0.218325
-1.83484,1.96567,0.218449
-1.8349,1.9661,0.218705
-1.83382,1.96504,0.218376
-1.83514,1.96489,0.218075
-1.83514,1.96356,0.217993
-1.83456,1.96422,0.218658
-1.83073,1.96241,0.218659
-1.82274,1.96657,0.218861
-1.82447,1.96351,0.219113
-1.8271,1.96554,0.2184
-1.82921,1.96546,0.218859
-1.83008,1.96769,0.219642
-1.83234,1.96583,0.218013
-1.82707,1.96401,0.217894
-1.82842,1.96635,0.217041
-1.82864,1.96521,0.216893
-1.82838,1.96502,0.217038
-1.8315,1.96784,0.216675
-1.82952,1.96632,0.216189
-1.82847,1.965,0.215885
-1.82926,1.96726,0.21561
-1.82776,1.96725,0.215337
-1.82745,1.96677,0.215908
-1.82759,1.966,0.215911
-1.82729,1.96557,0.215989
-1.82821,1.96608,0.215536
-1.82727,1.96496,0.215156
-1.82696,1.96555,0.214837
-1.82753,1.96515,0.214319
-1.82669,1.9645,0.213894
-1.82661,1.96411,0.213664
-1.82822,1.96443,0.213537
-1.82678,1.96356,0.214196
-1.82719,1.96408,0.214551
-1.8271,1.96549,0.215402
-1.82595,1.96468,0.215283
-1.8267,1.96514,0.215039
-1.82788,1.96557,0.215429
-1.82748,1.96471,0.215665
-1.82684,1.9648,0.216656
-1.82844,1.96478,0.216968
-1.82798,1.96439,0.216732
-1.82806,1.96534,0.217131
-1.82956,1.96129,0.216489
-1.8295,1.96193,0.216821
-1.83635,1.96653,0.217852
-1.83204,1.95038,0.20989
-1.82924,1.95746,0.210079
-1.84371,1.96605,0.213429
-1.83169,1.9542,0.208952
-1.83816,1.96571,0.211807
-1.86698,1.97416,0.215678
-1.83633,1.94439,0.211761
-1.82595,1.92021,0.198039
-1.84231,1.93857,0.200889
-1.85955,1.94479,0.202762
-1.84796,1.92683,0.199302
-1.86517,1.93939,0.204303
-1.86026,1.93998,0.202156
-1.85187,1.93786,0.201637
-1.8626,1.93854,0.199859
-1.85338,1.93196,0.198604
-1.8497,1.93724,0.200746
-1.85695,1.94127,0.20386
-1.84298,1.93546,0.201174
-1.84928,1.94116,0.203025
-1.8598,1.9495,0.207356
-1.84218,1.94574,0.204407
-1.85748,1.9504,0.212267
-1.85355,1.95118,0.212186
-1.84161,1.9446,0.215844
-1.8429,1.95688,0.217568
-1.84508,1.95415,0.216637
-1.8333,1.9554,0.219314
-1.83039,1.94498,0.216145
-1.82536,1.96032,0.220144
-1.83132,1.96272,0.221464
-1.83663,1.95121,0.218173
-1.82676,1.9529,0.21671
-1.82994,1.95834,0.217489
-1.83382,1.95635,0.217622
-1.83291,1.95723,0.217835
-1.83241,1.95767,0.216426
-1.82995,1.95683,0.215469
-1.83312,1.9571,0.216235
-1.83353,1.95807,0.21588
-1.83045,1.95703,0.215402
-1.82971,1.95766,0.215479
-1.83365,1.95865,0.215081
-1.83395,1.95687,0.21575
-1.83195,1.95648,0.215577
-1.83343,1.95708,0.215456
-1.83579,1.95516,0.215438
-1.83949,1.95636,0.215394
-1.84346,1.95244,0.213289
-1.8363,1.95123,0.211091
-1.84984,1.9575,0.211774
-1.8492,1.9471,0.209743
-1.8394,1.95128,0.211774
-1.83959,1.95704,0.213918
-1.83541,1.95255,0.213814
-1.83796,1.94901,0.212787
-1.84356,1.94988,0.21277
-1.84384,1.95212,0.213538
-1.83003,1.95724,0.212982
-1.83484,1.95587,0.213805
-1.83149,1.95526,0.213575
-1.83819,1.95878,0.216283
-1.83185,1.9606,0.217205
-1.83298,1.96506,0.21631
-1.8299,1.96196,0.2156
-1.85461,1.97351,0.219932
-1.84179,1.98663,0.21651
-1.86125,1.95274,0.211876
-1.83524,1.95907,0.211666
-1.84565,1.96415,0.213944
-1.84384,1.96574,0.213966
-1.83933,1.96498,0.213836
-1.84047,1.96522,0.213277
-1.83844,1.96443,0.213375
-1.84497,1.96493,0.214466
-1.84351,1.96468,0.214711
-1.83899,1.96353,0.213839
-1.84029,1.96405,0.213439
-1.8439,1.96463,0.213719
-1.84346,1.96416,0.213364
-1.84076,1.96458,0.213044
-1.84064,1.96341,0.21272
-1.84211,1.96391,0.212375
-1.8421,1.96441,0.212666
-1.84015,1.9631,0.212713
-1.83976,1.96272,0.21333
-1.84137,1.96341,0.21432
-1.84124,1.96449,0.214578
-1.83889,1.96399,0.214341
-1.84048,1.96361,0.21403
-1.84241,1.96477,0.213672
-1.84314,1.96509,0.213842
-1.84076,1.96522,0.21303
-1.84041,1.96488,0.212277
-1.84174,1.96519,0.211709
-1.84237,1.96611,0.211234
-1.84221,1.96619,0.211865
-1.84144,1.96575,0.211655
-1.8423,1.9653,0.211732
-1.84313,1.96511,0.21127
-1.84205,1.96542,0.211723
-1.84181,1.96517,0.212273
-1.84322,1.96516,0.212268
-1.84429,1.96494,0.213496
-1.84484,1.96553,0.213776
-1.84364,1.96562,0.214097
-1.84402,1.96514,0.215003
-1.84486,1.96348,0.214989
-1.84376,1.96292,0.214976
-1.84166,1.96362,0.215076
-1.84251,1.96326,0.214986
-1.84232,1.96364,0.215453
-1.84211,1.96316,0.215485
-1.84111,1.96209,0.215941
-1.84159,1.96261,0.216121
-1.84202,1.96259,0.216349
-1.84179,1.96284,0.216227
-1.84065,1.96317,0.216505
-1.84048,1.9634,0.21597
-1.84114,1.96307,0.215238
-1.84072,1.96316,0.215829
-1.84098,1.96382,0.214871
-1.84146,1.96366,0.215668
-1.84107,1.96361,0.215439
-1.8409,1.96457,0.216003
-1.84077,1.96499,0.216536
-1.84139,1.96487,0.216836
-1.8418,1.96464,0.217032
-1.84103,1.96526,0.217833
-1.83992,1.96511,0.217386
-1.83973,1.96472,0.21702
-1.84088,1.96525,0.217195
-1.84103,1.96538,0.217589
-1.84022,1.96488,0.218638
-1.84017,1.96495,0.218778
-1.84071,1.96458,0.218904
-1.83966,1.96398,0.218699
-1.83947,1.96294,0.219206
-1.83994,1.96337,0.218429
-1.8397,1.96261,0.216888
-1.84039,1.96201,0.216096
-1.84034,1.96118,0.216262
-1.84009,1.96095,0.2154
-1.84094,1.96184,0.215307
-1.84029,1.96208,0.215037
-1.84021,1.96169,0.214435
-1.83994,1.96112,0.214199
-1.84069,1.96107,0.214168
-1.84118,1.96139,0.214744
-1.84056,1.96233,0.215378
-1.84006,1.96245,0.214501
-1.84061,1.96212,0.214922
-1.84055,1.96297,0.214567
-1.8399,1.96208,0.214103
-1.83915,1.96189,0.213516
-1.84031,1.96244,0.213568
-1.8399,1.96257,0.213207
-1.83971,1.9621,0.213389
-1.83896,1.96257,0.21415
-1.83976,1.96287,0.213671
-1.8396,1.96308,0.214201
-1.83954,1.96242,0.214221
-1.83963,1.96192,0.214924
-1.83968,1.96227,0.214417
-1.83924,1.96254,0.213777
-1.83789,1.96282,0.213674
-1.83759,1.9628,0.213269
-1.83808,1.96263,0.213538
-1.83849,1.96291,0.213589
-1.839,1.96302,0.212932
-1.8392,1.9625,0.212692
-1.84036,1.96213,0.212979
-1.83994,1.96235,0.213188
-1.84044,1.96246,0.213775
-1.84048,1.96248,0.213375
-1.8397,1.9619,0.213757
-1.83974,1.96116,0.213249
-1.83986,1.96174,0.213614
-1.83932,1.96163,0.213892
-1.83956,1.96228,0.213282
-1.83999,1.96135,0.21364
-1.83984,1.96205,0.21288
-1.8398,1.96196,0.212103
-1.83967,1.96165,0.21141
-1.83871,1.96238,0.211887
-1.83985,1.96249,0.212234
-1.83945,1.9624,0.21331
-1.83912,1.96253,0.213237
-1.8397,1.96278,0.213108
-1.84048,1.96235,0.214176
-1.84089,1.96274,0.215234
-1.84021,1.96237,0.214636
-1.84046,1.96222,0.214701
-1.84016,1.96231,0.214868
-1.84017,1.9631,0.21354
-1.84014,1.96285,0.213351
-1.84101,1.96296,0.213505
-1.84182,1.96491,0.213355
-1.84073,1.96474,0.21442
-1.84018,1.96447,0.213729
-1.84115,1.96524,0.213677
-1.84049,1.96586,0.213753
-1.8396,1.96556,0.214017
-1.83926,1.96544,0.213406
-1.83883,1.96534,0.212244
-1.83867,1.96456,0.213194
-1.83763,1.96477,0.213464
-1.83741,1.9643,0.21387
-1.83689,1.96434,0.213944
-1.83714,1.96397,0.214421
-1.83628,1.96487,0.213692
-1.83615,1.96524,0.213514
-1.83641,1.96537,0.213364
-1.83597,1.96595,0.213575
-1.83572,1.96605,0.214157
-1.83507,1.96516,0.214431
-1.83457,1.96446,0.214625
-1.83467,1.96473,0.21452
-1.83345,1.96603,0.214359
-1.83228,1.96582,0.213922
-1.83176,1.9653,0.213406
-1.83185,1.9648,0.213054
-1.83159,1.96466,0.213212
-1.83174,1.96533,0.212912
-1.83223,1.96488,0.213109
-1.83178,1.96342,0.214152
-1.83165,1.96347,0.214475
-1.83061,1.96375,0.214821
-1.83099,1.96482,0.213784
-1.83175,1.96458,0.213277
-1.83116,1.96472,0.212572
-1.83027,1.96536,0.21336
-1.83002,1.96572,0.213869
-1.83049,1.96592,0.213917
-1.83087,1.96476,0.213712
-1.8312,1.9651,0.214147
-1.8315,1.96488,0.214345
-1.8315,1.96519,0.214059
-1.83162,1.96458,0.213428
-1.83149,1.9652,0.213936
-1.83242,1.96526,0.214313
-1.8318,1.96415,0.214129
-1.83155,1.96425,0.214162
-1.83124,1.96441,0.214207
-1.83126,1.96471,0.214049
-1.83222,1.96586,0.214248
-1.83098,1.96518,0.214906
-1.83128,1.96539,0.214817
-1.83212,1.96517,0.215083
-1.83133,1.96404,0.215714
-1.83112,1.96396,0.215744
-1.83105,1.96387,0.216786
-1.83186,1.96412,0.216577
-1.83261,1.96428,0.21632
-1.83181,1.96533,0.216723
-1.83195,1.96559,0.216515
-1.83274,1.96567,0.217435
-1.8326,1.96532,0.217549
-1.8318,1.96457,0.217814
-1.83186,1.96481,0.218025
-1.83117,1.9645,0.217868
-1.8314,1.96543,0.217522
-1.8321,1.96573,0.217027
-1.83063,1.96589,0.217095
-1.83071,1.96654,0.217022
-1.83069,1.96651,0.216963
-1.83016,1.96589,0.216905
-1.82941,1.96658,0.216056
-1.8297,1.96604,0.216437
-1.82997,1.96508,0.216156
-1.82978,1.96501,0.216636
-1.82947,1.96474,0.217062
-1.82862,1.96523,0.217053
-1.8288,1.96536,0.217576
-1.82909,1.96429,0.217593
-1.8287,1.96552,0.217655
-1.829,1.96545,0.217235
-1.82923,1.96487,0.217807
-1.82911,1.96439,0.218201
-1.82961,1.96529,0.218029
-1.82945,1.96502,0.218213
-1.82871,1.96465,0.218117
-1.82951,1.96433,0.219704
-1.82947,1.9633,0.219214
-1.83015,1.96368,0.219183
-1.82979,1.96434,0.219185
-1.83084,1.96506,0.21875
-1.83183,1.96497,0.218016
-1.83076,1.96556,0.217593
-1.83012,1.96515,0.218028
-1.82912,1.96579,0.218869
-1.82969,1.96534,0.218311
-1.82935,1.96499,0.218208
-1.82916,1.96426,0.21882
-1.82926,1.9645,0.218161
-1.82963,1.96616,0.217863
-1.82934,1.96675,0.218257
-1.8287,1.96593,0.218261
-1.82834,1.96624,0.21781
-1.82939,1.96544,0.217769
-1.8288,1.96605,0.217702
-1.82784,1.96608,0.217586
-1.82709,1.96592,0.217217
-1.82726,1.96621,0.216347
-1.82745,1.96608,0.215737
-1.82784,1.96585,0.216779
-1.82762,1.96565,0.215786
-1.82776,1.96532,0.215518
-1.82828,1.96532,0.215195
-1.82899,1.96586,0.215053
-1.82825,1.96586,0.215419
-1.82777,1.96614,0.215527
-1.82816,1.96584,0.215281
-1.82814,1.96642,0.214353
-1.82853,1.96543,0.213909
-1.8288,1.96561,0.214185
-1.82974,1.96562,0.213547
-1.82966,1.96532,0.214022
-1.83053,1.96586,0.213942
-1.8294,1.96439,0.213762
-1.82949,1.96337,0.212622
-1.82958,1.96334,0.21303
-1.8278,1.96299,0.212454
-1.82857,1.96463,0.213453
-1.8271,1.96586,0.2131
-1.82805,1.9653,0.213276
-1.82747,1.96624,0.213608
-1.82662,1.96634,0.21252
-1.82657,1.96768,0.212607
-1.82631,1.96754,0.212592
-1.82575,1.96633,0.213033
-1.82598,1.96562,0.212887
-1.82656,1.96635,0.213198
-1.82678,1.96536,0.212746
-1.82554,1.96541,0.213059
-1.82622,1.96459,0.213539
-1.82614,1.9649,0.213894
-1.82588,1.96494,0.214195
-1.82609,1.96485,0.214366
-1.82602,1.96538,0.214416
-1.83197,1.96708,0.213775
-1.82738,1.96509,0.212863
-1.82787,1.96482,0.212061
-1.82654,1.96501,0.212209
-1.82764,1.96494,0.211894
-1.82702,1.96447,0.211709
-1.82693,1.96475,0.211519
-1.82644,1.96411,0.211388
-1.82618,1.96453,0.211841
-1.82661,1.96325,0.211428
-1.82623,1.96342,0.21164
-1.8257,1.96339,0.212014
-1.82505,1.96377,0.211777
-1.82552,1.96448,0.212384
-1.82591,1.96376,0.211865
-1.82619,1.96284,0.211831
-1.82547,1.96371,0.211621
-1.82595,1.96288,0.211964
-1.82516,1.96195,0.211955
-1.82469,1.96171,0.210858
-1.82521,1.96172,0.211012
-1.82565,1.96141,0.211874
-1.8256,1.96145,0.212017
-1.82593,1.96094,0.211882
-1.82532,1.96014,0.21169
-1.82497,1.95979,0.211178
-1.82513,1.95958,0.212619
-1.82555,1.96037,0.212984
-1.82499,1.96007,0.21244
-1.82495,1.9614,0.212502
-1.82598,1.96088,0.212918
-1.82542,1.96077,0.213267
-1.8255,1.9615,0.213068
-1.82642,1.96048,0.212517
-1.82798,1.96142,0.212553
-1.82723,1.96217,0.212526
-1.82719,1.96203,0.211701
-1.82814,1.9623,0.21205
-1.8265,1.96066,0.212318
-1.82613,1.95994,0.211914
-1.82861,1.96104,0.211855
-1.82679,1.96137,0.212404
-1.82732,1.96062,0.211695
-1.82809,1.9612,0.211663
-1.82625,1.96064,0.211607
-1.82716,1.9612,0.211855
-1.82799,1.96025,0.212537
-1.82901,1.96066,0.212674
-1.82741,1.9597,0.212962
-1.82544,1.96035,0.21257
-1.82471,1.95889,0.212884
-1.82591,1.95817,0.212436
-1.82778,1.95815,0.213358
-1.82721,1.95798,0.212925
-1.82656,1.95652,0.212754
-1.82678,1.95691,0.213041
-1.8263,1.95738,0.211782
-1.82613,1.95802,0.212104
-1.82649,1.95787,0.212321
-1.82557,1.95788,0.212157
-1.82705,1.95842,0.21221
-1.82706,1.95768,0.212958
-1.82624,1.95599,0.213066
-1.82768,1.95632,0.213274
-1.82825,1.9568,0.214321
-1.8281,1.95664,0.21358
-1.82904,1.95721,0.213909
-1.82917,1.95713,0.212768
-1.82967,1.95717,0.211739
-1.82979,1.95733,0.211985
-1.8297,1.95678,0.212685
-1.82948,1.95659,0.21277
-1.82937,1.95633,0.212627
-1.8282,1.95582,0.213447
-1.82851,1.9548,0.213372
-1.82931,1.95526,0.213849
-1.82986,1.95575,0.21534
-1.8298,1.9559,0.216462
-1.82969,1.95507,0.217079
-1.82963,1.95586,0.217171
-1.83073,1.95637,0.217515
-1.83167,1.95552,0.217932
-1.83159,1.9555,0.217984
-1.83093,1.95507,0.21751
-1.83123,1.95558,0.217674
-1.83195,1.95503,0.217501
-1.83141,1.95422,0.217159
-1.83209,1.95487,0.216921
-1.83254,1.95536,0.216053
-1.83262,1.95479,0.216579
-1.83298,1.95424,0.216348
-1.83241,1.95367,0.21584
-1.83242,1.95379,0.21564
-1.83235,1.95382,0.215772
-1.83206,1.95402,0.215776
-1.83177,1.95351,0.214743
-1.83267,1.95405,0.213877
-1.83255,1.95427,0.213014
-1.83304,1.95423,0.213729
-1.8328,1.95384,0.213045
-1.8327,1.9537,0.212747
-1.83198,1.95506,0.213768
-1.83151,1.9556,0.213387
-1.83134,1.9548,0.213446
-1.83129,1.9545,0.212613
-1.83154,1.95522,0.213483
-1.83189,1.95535,0.213965
-1.83152,1.95605,0.213848
-1.83106,1.95521,0.213694
-1.83187,1.9575,0.214427
-1.83196,1.95755,0.214141
-1.83131,1.95768,0.213946
-1.8314,1.95809,0.214854
-1.83203,1.95829,0.213601
-1.8317,1.95743,0.213469
-1.83169,1.95862,0.213445
-1.8323,1.95854,0.213801
-1.83279,1.959,0.213799
-1.83374,1.95903,0.213779
-1.83247,1.95867,0.213954
-1.83054,1.95869,0.214938
-1.83136,1.95846,0.215133
-1.83249,1.95864,0.21527
-1.83296,1.95879,0.215557
-1.83206,1.95865,0.216247
-1.83168,1.95913,0.216638
-1.83186,1.95895,0.217038
-1.83238,1.95929,0.217561
-1.83164,1.95927,0.217503
-1.83164,1.95842,0.217692
-1.83267,1.95883,0.218183
-1.83255,1.95943,0.217581
-1.83267,1.95978,0.217598
-1.8322,1.95959,0.217508
-1.83226,1.95945,0.217267
-1.83372,1.95974,0.21799
-1.83348,1.95945,0.217472
-1.83275,1.95928,0.217257
-1.83241,1.96026,0.216816
-1.83237,1.96023,0.216879
-1.83287,1.96071,0.217555
-1.83343,1.96097,0.216757
-1.83315,1.96122,0.216447
-1.83336,1.96134,0.216571
-1.83278,1.96167,0.216314
-1.83241,1.96219,0.216287
-1.83222,1.96265,0.217437
-1.83234,1.96235,0.217956
-1.83152,1.96163,0.218444
-1.83141,1.96162,0.218244
-1.83114,1.96148,0.21816
-1.83079,1.9615,0.21847
-1.83162,1.96088,0.218725
-1.83164,1.9607,0.218522
-1.83075,1.9608,0.219252
-1.83156,1.96006,0.21917
-1.83148,1.96,0.219545
-1.83313,1.95998,0.21943
-1.83267,1.96045,0.21922
-1.83134,1.96073,0.219544
-1.83149,1.96065,0.220522
-1.83181,1.96065,0.220492
-1.83218,1.95992,0.220854
-1.83245,1.96023,0.220377
-1.83297,1.96001,0.220082
-1.83429,1.9603,0.21936
-1.83385,1.95947,0.218189
-1.83385,1.95879,0.21784
-1.83359,1.95853,0.217874
-1.83326,1.95863,0.217832
-1.83428,1.95807,0.217942
-1.83372,1.95774,0.217975
-1.8339,1.95796,0.218102
-1.83526,1.95849,0.217855
-1.83451,1.95803,0.217762
-1.83302,1.95833,0.217702
-1.83173,1.95974,0.218218
-1.83135,1.96008,0.218299
-1.83048,1.95989,0.217974
-1.82977,1.95978,0.217855
-1.83383,1.96083,0.217661
-1.83013,1.96174,0.217368
-1.8297,1.96239,0.217748
-1.82974,1.96205,0.217707
-1.82831,1.96148,0.218982
-1.82986,1.96172,0.218929
-1.82885,1.96179,0.219237
-1.82882,1.96213,0.219358
-1.82912,1.96278,0.218542
-1.82795,1.96273,0.21829
-1.8276,1.96214,0.218301
-1.82832,1.96226,0.21833
-1.8285,1.96224,0.217727
-1.82856,1.9624,0.218312
-1.82828,1.96261,0.217709
-1.82813,1.96201,0.217921
-1.82768,1.96121,0.217701
-1.82786,1.96033,0.217357
-1.82764,1.96127,0.217345
-1.82892,1.96109,0.217865
-1.82975,1.96168,0.21769
-1.82911,1.96099,0.216865
-1.82908,1.96149,0.217415
-1.82943,1.96173,0.218035
-1.82961,1.96159,0.218086
-1.82846,1.96148,0.218219
-1.82781,1.9612,0.217388
-1.82878,1.96193,0.217655
-1.82882,1.96226,0.218336
-1.82831,1.96115,0.218517
-1.82758,1.96085,0.218215
-1.82835,1.96217,0.217998
-1.82843,1.96236,0.217651
-1.82701,1.96209,0.218142
-1.82751,1.96284,0.217895
-1.82855,1.96234,0.218365
-1.82873,1.96192,0.219153
-1.82857,1.96335,0.219401
-1.82742,1.96435,0.218813
-1.82784,1.96508,0.218989
-1.82739,1.96498,0.218986
-1.82795,1.96375,0.219363
-1.82835,1.96442,0.218414
-1.83009,1.96396,0.217961
-1.82909,1.96385,0.218222
-1.82921,1.96387,0.216632
-1.82969,1.96397,0.216299
-1.83008,1.96358,0.216829
-1.83082,1.96214,0.216114
-1.82972,1.96209,0.215501
-1.83128,1.96157,0.216089
-1.83168,1.96113,0.216039
-1.83074,1.96128,0.21599
-1.8309,1.96169,0.215739
-1.83153,1.9613,0.216553
-1.83216,1.96097,0.217966
-1.83243,1.96074,0.217942
-1.83204,1.96134,0.218531
-1.83203,1.96116,0.217875
-1.83204,1.96138,0.217833
-1.83226,1.962,0.217563
-1.83258,1.96189,0.218612
-1.83231,1.96201,0.218487
-1.83237,1.96209,0.21859
-1.83282,1.96172,0.217959
-1.83257,1.96265,0.217182
-1.83311,1.96351,0.217045
-1.83296,1.96254,0.217371
-1.8334,1.96158,0.217891
-1.83345,1.96198,0.218557
-1.8334,1.96311,0.21914
-1.83224,1.9628,0.219769
-1.83187,1.96313,0.219227
-1.83277,1.96362,0.219348
-1.83295,1.96363,0.21838
-1.83222,1.9638,0.218535
-1.83173,1.96334,0.218233
-1.83109,1.96271,0.218618
-1.83113,1.96166,0.218815
-1.83209,1.96173,0.218561
-1.83286,1.96185,0.21793
-1.83351,1.96227,0.216938
-1.83325,1.96167,0.217259
-1.83303,1.96106,0.217628
-1.83357,1.96075,0.218423
-1.83345,1.96016,0.218034
-1.8339,1.96007,0.217813
-1.83453,1.95985,0.21767
-1.8345,1.95937,0.217452
-1.83483,1.96026,0.217794
-1.83474,1.9609,0.217145
-1.83404,1.96095,0.217388
-1.8338,1.96074,0.217541
-1.83368,1.96066,0.217426
-1.83309,1.96026,0.217287
-1.83287,1.96143,0.21725
-1.83332,1.96184,0.21855
-1.8336,1.96028,0.218957
-1.83383,1.9599,0.217891
-1.83371,1.96061,0.217602
-1.8334,1.96059,0.218777
-1.83361,1.96059,0.218321
-1.83376,1.95961,0.218021
-1.8333,1.95967,0.219002
-1.83391,1.95948,0.218873
-1.83332,1.95995,0.2192
-1.83257,1.96052,0.218386
-1.83251,1.96033,0.218319
-1.83227,1.95962,0.219538
-1.83206,1.95996,0.220187
-1.83172,1.95993,0.220919
-1.83157,1.96025,0.221631
-1.83024,1.96147,0.220767
-1.82876,1.96242,0.220721
-1.82931,1.96242,0.220176
-1.83012,1.96296,0.222287
-1.82921,1.96203,0.220885
-1.82897,1.96253,0.221003
-1.82944,1.96309,0.221435
-1.82948,1.96269,0.221256
-1.82813,1.96191,0.222268
-1.82742,1.96211,0.222866
-1.82789,1.96268,0.223027
-1.82792,1.96238,0.222655
-1.82752,1.96178,0.222388
-1.82674,1.96107,0.222206
-1.82812,1.96233,0.222474
-1.8282,1.96184,0.223146
-1.82867,1.96177,0.22307
-1.82915,1.96102,0.222571
-1.82899,1.9612,0.222128
-1.82828,1.96175,0.222701
-1.82722,1.96193,0.222174
-1.8284,1.96265,0.222393
-1.82855,1.96175,0.222356
-1.82877,1.96214,0.222174
-1.82917,1.9621,0.222975
-1.82893,1.96226,0.222325
-1.82893,1.96182,0.222137
-1.8288,1.96181,0.222223
-1.82854,1.962,0.222188
-1.82968,1.96244,0.222331
-1.82861,1.9621,0.222624
-1.82905,1.96189,0.222401
-1.83031,1.96236,0.222896
-1.8308,1.96212,0.222298
-1.83088,1.96163,0.222135
-1.83128,1.96276,0.221621
-1.82991,1.96115,0.222224
-1.83096,1.96084,0.222898
-1.83208,1.95934,0.223147
-1.83329,1.96016,0.223229
-1.83458,1.96095,0.222501
-1.83187,1.95972,0.22209
-1.83115,1.95955,0.222234
-1.8333,1.9587,0.222705
-1.8346,1.95867,0.223146
-1.83352,1.95829,0.224399
-1.83266,1.95819,0.223532
-1.83328,1.95751,0.223282
-1.83556,1.9587,0.224021
-1.83487,1.95825,0.222987
-1.83283,1.95655,0.221806
-1.83398,1.95794,0.223091
-1.83592,1.95838,0.222826
-1.8338,1.95932,0.222254
-1.83336,1.95903,0.221915
-1.83276,1.95905,0.221984
-1.83475,1.95931,0.221882
-1.83421,1.95862,0.222609
-1.83243,1.95811,0.221812
-1.83259,1.95874,0.222053
-1.83404,1.95833,0.221766
-1.83293,1.95762,0.220901
-1.83215,1.95725,0.221208
-1.83159,1.9577,0.221664
-1.83128,1.95798,0.22123
-1.83214,1.95803,0.220901
